11 1111111111. Ι lm}

811111111018. 1000 ’ 01111 (nubat) 10. m. 110111. Μ’.
ffifflffl ml· 7, m ¹⁰⁸1· 11, 0111 lm· 1101 ln· 1001 1011
sitientibus 11001 100111. 000710. 1100. 11101. 11,
atinam 17, 8081 Um ιω· mvm· ⁸⁷¹· 7, n· 1⁴⁸· m
8110010ωὸ 111,”011ω7 1011110117 17, 0101 m· ⁴⁸⁸· 0701 0801 0001 0111
071 11111111, 1171 070001. 011. 001. 007. 700 700.
011111, 1000 700 700. 700. 771. 700. 070. 1100.
0111111101 11. 10. 100. 110. 171. 011. 071.
01111(111111.)1,1170. (101.)111 111. 1100 11111111111000 111111 1, 010
001 1111111 110111111011
0111 (111111.) 1, 011. 11, 0111
0111001111 111111 1, 018
· 0111111111100
0111111111, 000 0100111001. 1,1111
sociatim. 1111111111 solvan 11.
011 11, 110. 110. 101. 110. 007. 111, 0111111111 Ι, 1101
1007. 11,100100.100. 100110. 1, 01111 111, 001
110. 100. 181. 101. 100. 101. 001. 01111111010. 11700
010. 010. 011. 000. 007. 001. 001. 1111111111, 101
111.111.111.1111ιι1ι.ι111 vi. 1111111111) 1111. ..111 um v,
011. 010. 010. 717. 001. 000. 001 11001101
0111 11111111, 001 011111(1111.)11117.(1111.)Ι, 1000
0111 111.) 11 1077. (plur.) 111111, 100 011111 11, 00
0111 1,11. 111. 1101. 111 0111111111,οπ
0111 1107. 11000. 11, 110. 000. 1, 01111111 1111111110
100711. thumim 011111111111111υ1700
1111111111111111111111111. 1111111111 111. 1111. ν. 1111
11, 110111. 111. 1, 00. 110101. Samis 111, 171. 11, 18. 771. 700. 001.
adu· 0118111. 701. 701. 071. 11010 170. 01110. 1000. 1000. 1000, 1, 01.
1, 170. 100
01111111107 01111111 111, 111. 101. 010. 000. 1000.
multantor, 11⁶2 ,11.100010101011. 1, 070 1101.
011111111(1111.)1,1100.(101.) 1000 11. 1170 1111111111 1. 111
0111(111111.)1. 170 0111111111011. 1070. 11, 1011
&aff ,υἷιῖᾱιιιτὴ 1, 101 1111 11, 1100 01111111ο 111, 100. 000. 011. 010 11111011
11, 11,
01111111( 1111111711. 11, 1101 01111111111111, 1101
Selicium 111 1001 0111111 1010
0111111111 11, 1001 011111 11, 110. 11010
0111111111 1,100 011111 111, 107. 000
0110111111, 1100 0111111 11. 117
01111111111111111111Μ1 sonitu 1, 100. 11010011. 1100. 11,
solidum: 11, 1011 011. 1, 1001. 1101. 11,, 110. 100.
01111111 1111111011. 11, 1010 1110100111 1111101010
&mum 7, 07 8001101011, m 17, 00010001 0181 711
11111111)1.111111.(ρ111.)ῑ,1ιι. 111. 111. 111. 111 111
“⁰- ⁶2⁸ &num (dssssu) 11, 0171 17, m· 7001 11,
0111011111 “ 11111010. 11100 00. 101.101.(1111.)11010.11,101.
011101φ11.) 1117 100. 1,1017.1010 1101. 11111.
0111111111011 111. 100. 017. 000 1111111111 1110
011101 (1111.) 1100 1111111111ᾱοὶ, 010
1111101111. 11, 07. 11, 071. 1, 010 01111111 11, 071. 071
0101111111000000 0111111 11111111 1, 111
m 710001οω Ι hu! 17, 0071 ⁸⁸⁸· 7111181 ¹⁸²· (100001
solidum 1010. 011 , 5 1111.)11,000
01111 111111 11000 sapiu 1, 11. fii, 010 11, 701
0101111111, 1110 01111111 1111111111111

Delfi-et rar. 0111. , 111. 111111. ij

1

 

 

