11 1111111111. ’11

Auditur 11, 117 ““ ’ ’ ’ 111. 101. 101. 140. 700104. 01111,
Auditus (10].) 11, 010 114.180.100. 101. 011. 041. 000.
,11111111 vi, 140 011. 1010. 1117 10111 11101. 111,
Anni 1111 - 111. 111. 111. 111. 1.,111 1111111
1111110111 110. 1110011000. 11, 770 111, 400. 111111 sulfuris 11, 110
0111111111 111, 100 0111111111 1, 100000- 1000
1111111111, 1108. 11110 1100111011111110 1111111111, 011
Am 1110 01111 11, 14. 101. 1111. 1111111. 1,
ΔΝῙΜ 01. 0081 uo· 818 ⁸⁸· ⁴⁶2· m .
Averni 11140010 ’ Aura 140. 410040. 111011 111101.
111111111Μο 1, 414 040. 011. 11, 400 bin. 011. 040.
Ama-ule 11. 111 ’ 111. 111. 1111111. 111. 111. 111.
A'm 11) m ⁸ ι, · ¹⁰⁵⁵· V) lm& 10801 'i' 1181 1601
0111111111Μο ’“ 101171010. 1101
Δ.α(1ο11.).1,111(101.)01010 111111111104 ,
11011101 Auri 1401. 11, 000 1111111111,711
Aufer ffi. Μ 011101111110. 11, 010. 1, 101. 11, 101
Anime 11, 110 .' 1111111111,111
Auferet 11011 1111110011111011.1411471.
Aufert 111111. 1,“ 100. ma 11011 140. 010. 11, 110. 101. 001 1111011
Augebat 1400 1101111101011111110 etheris 111,
,1111011411 ’ 047 .
1115111011 1,01. 11, 471 . ’ ’ 111111,11.11.1.,1111..,1111.1111.
Augendis 1101 Ι 111070
1111111111, 1101ι ’ 1111111, 141170 “
01111111οο, 1100. 1, 111. 11, 011 111111111111
111111111110. m. 1, 114 Amorum 11, 111. 1, 610
Ambmotmtsswo 11, ωε '1²²1‘ Λ11111111 11, 82⁸. V, 1112. ¹2⁴0. lm.

110. 111. 11, 141010 1174. 1411. 11. 110. 111. 140. 000.
11111111 11, 404. 111100. 1’, 1100. 11, 00010101010

007. 014 0111111111, 118. 1, 101
11311111111001000 0111111001. 11, 111. 1, 110. 11411
,11111111141111111111 11111111,144 =
Am 11, 144. 140. 1, 1001101 Austri 11, 101. 000. 1, 000
110101101011Α 1111111111
Avibus 1, 101. 11741 Austro 11, 111
01101111 1101· 11111100
1111111111 11111111 11, 111
01101 111, 71. 11, 1114 Autumno 1, 170. 11, 110
1111111, 1000. 1, 411 Autumnus 1,141
0110111, 11 Avulsa 11111
111111111111. 11110 ’ 1111111111101
,4111111118 01111111 1, 1141
1111111(11011.)·111,101 domos 111 vo- 11111111111 1,1010

m 11170 Auxilio 1,111
1111111101110110. in, 404 1 1111 Auxilium 111, 1077

mione 111 mom ‹ Α111 Vi, m· 110⁵
0111101101 , ›
110111 11, 141. v, 110
Δ..1.1..,111 Β.
1111111111, 1111 .=
01111 1, 011. 111, 101. 111. 101. 11, 0111111111 11, 1011. 1, 710

111. 1171 Bm(p1ur.)v. 1101
Am 111011, 010 1111111111 amm! 111 montibus 1, 011
Aurum 1, 001. 001. 040. 11, 800 Bnoehi 11010. iii, 111
0101101111117 0111100111 11, 1110
011111,100.111.101.001.1000. 111 1111110111 ii, 100

111. 101. 401. 411. 141. 11, 10. 170. 11110111, 1117

111. 010. 101. 171. 001. 107. 100. 13 Bulbo 1, 1011

 

