mi

1811111ου 1, 1111

mm 11, 841 1011 0111111111018

volpe· 111, 741. 1, 801 ·

volt 11, 116. 771. 11, 400. 407

volu 11, 1100

voltum 111, 101. 000

,1111111111084

1181111111, 468. 094. 11, 1117 fusium
11, 1181

1181111111

volnt 11 fluctu 11, 070

volubilibus figuris 111. 101

volubili· procursus 11, 104

volnera (11111.) 11, 144. 111, m M.
1000. 11, 1001. 1190. 1, 11. 799.
8111077 111111180011144

11111111 1, 10081111111 11, 171

Volnui (aij.) 11, 104

,volvebat odorem 11, 1181

1111111101( ’ .) 1111111, 178 11111,

mah ’·

11111111118111111,890

11811101 11, 144 ,111111 1, 010

νοιζῗ fluctu! Vi, ”a πο “⁰ mm Vi,

1181111111 1, 1119. 1140

volvi 111, 77. 1, 81. 1188

volvier 1, 718

volvit 11, 091 1111 11, 187

Volvitur 111, 1010. 11, 111. 101

vonum 11, 187. 101. 170. 111, 44. 178.

’ 11,881.081. 1010. 11, 188

,1111111111 11111111,Ήο

1111101111 nostram 11, 769

1101111111 1, 1. 141. 11, 1. 118. 068. 111,

, 18. 101. 1094. 11, 011. 011. 1068.
1011· lme- nm· ml· ¹25⁰· V.
1701411. 1101 di· 11, 171

voluptutem 11, 067 0111101111 111, 40

voluputis 11, 1107

18111111 111, 141

volvunt 1, 011. 001

vomenti· 1111 11, 818

111111111118

11111εηῖ11111.)1,111. 1,111

vomeris 1,1160

411111111 11, 188. 1001

vm 711 ”fl iguem 111 m 181111 11,

1881111111111111, 1101 udin 1,1118

111 11, 018. 888. 008. 000. 608. 007.

lunssx 111 11110011Ήῦ1.

unbem 1111θο 71. 11181 1117

usk i‚m aum-m· ''ul-nw-
1101. 1110. 11, δῦ. 181. 080

Urbi· 11, 184

um 11, sn· '0 m

Urgent 11, 011

11,... ,1111

1113111111. 000

11131111 111, 1084

11131118, 005. 11, 480. 017

1111 111, 000

11111 ignia 11. 000

1111111111Βο

1111011111.) 1, 1048

111111111790

Usu 11, 800 011111 111, 084

111111(1υ811.) 11,811 ’

1111111111 1, 00 omli· 1101 1111111111, ’

11111 (111111. plur.) 11, 810. 1,1180
3³31. Ἥ9 (opu) 1, 180. 110. 11,

0 v,

. 11111111 11111, 498

..1 Ut 11, 111 ut 11 11, 111. vi. 111.
789 ut (per 11, quui) 11, 1110

111 111 cunque 1,181

111111 Ι, 871

11118111 11, 840. 840

uteri (plur.) 1, 800

Uti (1118. eum 11111.)11,1110

Utile 1, 111. 111, 710

Utilis ffi, 108

Utinm 1, 1018. 1047

utilitate 1111 1, 808

Utilitatem iv, 11. 1011. vi. 101. 1111

[111-1111111 11, ⁸⁵2 0⁶⁵· '0 m

Utrnque 11, 101

Utm 1, 817

uma& 11, ‘H- '0 “⁸- ⁴n· 11, ⁸⁰1

Utrimque 1, 817

Utrumque 111, 088. 11, 498

11111 fundi 1, 178

Umeunt 111111 1, m

Vultu 111, 104. 1, 810

vultus 11, 1017

vulturnu· 1, 714

Uxor optumo 111, 907

1111111111, 1111. 1108. 1109

Uxoribus 11, 1101

Z.

017. 004. 701. 704. 706. 111080. 11, ·

1111 1111111111 11, 617 11111111, 811
11181 11, 1176

11111101.

uun—..a—

rime.

 

