,ἢ

00110111111111. 000

Mitem proti· 1, 001

1110110111. 11, 1007

1011011111 11, 870

101100011111, 1000

10110111 11, 800

10110111 11, 110. 11, 000. 11, 000. 1071
111101101011111 11070
1011111111,1000

mntx

Mixto 11, 077 ”

1011101 1, 070. 001

10111001 11, 001

11111011 111011 11, 077

10111011770. 111, 000. 11, 070

Mobilibus 11, 010

1001111101 11, 000. 11, 007

Nobilitatur 111, 008

Mobilitas 11, 00. 101. 11, 178. 777. Μ.
v. 800 11, 000. 000

1000111110 11, 100. 111, tot. 000. 000.
11, 170. 070. 080

’” . Metilium 11, 000. 000

mobiliter 11, 701. 11000 0110111111.
1011111101 111, 000. 1, 000

, . 10001111111111, 1000

1011111111,1000. 1, 000. oel. 11, 00

1001111111, 000

1011110 111, 011

10111101 111, 00. 000

Miserum 111, 880

001111 (1113.) 1, 018. 11100000100.

(0101111010. 11, 010. 008

101111 p .)11,000

10111111 1110 1,000

Μ1111111,00

101110 1,1000

1000000110390019001 10, mn 17160181 'iu

1010101110.

1011101 11311111 11, 010 -

tntum 1,1100

00111111,1100

Mittin 0011110111 11. 000

1111111 11, 800. 111, 000

Mitte tii. 111, vi. 1001

Mittere ἰ, 000. 080. 080. 880. 11. 800..
800. 11, 80. 1000. utum 11.
011. 008. 700

Mittere 1011111 1, 1008

Mitti 00, ⁰2· ew· 711 m

1011011 11, 07

1011111 11100. 1100. 111, 001. 11, 011.

1011010111,007.1018. 11170. 000

101110 dicere 11, 800

1011101111, 1100. 111, 01. 11. 00. 00. 08.
80101. 701000. 1121OE 010

mmmm! 07, 0901 „wo 711207

101111 (1103.) 111, 000. 078. 11, 108.
1000. (1101.) 1, 007. 870. 11. 070.
m timum. 11,000.008.1010
0010011 11000

1011111 1, 800. 1, 010. 11, 000. 1107
10111101 111, 000

1000111011 equum 1, 1007. 1011

1000111001 creseere 1, 000

1111011111 1111001101 10 1111111110,

10101101 Modesto! 0011101111 1, ttt.
11, 1001

100111 (11113.) 11, 108. 11,770

1000101 (adv.) fluere 1, 007

1001111 1. 100. 000. 707. 700. 1000. 11.
111011. 111, 080. 000. 11,107. 100.
100. 008. 700. 800. 000. 1,08. 70.
0110007110. 11.100.000.007.700

Μο000 0300918221ω8· 00390. “zm
000. 111, 00. 000. 770. 1081. inm
1170. 1, 70. 180. 770

Modum 110101

1001111111,1171

Modus 1311 11, 1171

101101111111111111, 00 11111111

10110111,1007. 11, 087 001111.11 ’
’ 1001.1,1111.1111.11,11..,ι11. ¹

1011011111 1, 000. vl, 700
171110111,170. 11, 1181. 1007
0011101101 111, 001

1011100101 11110111, 001. 11, Μ
Mero· 11, 1007

1011111 (1103.) 1, 100

1011111 11, 1000

1011110 11, 1001

101110011100. 11, 1100

11111101 11, 1070

Molem 11000. 080 101001 111, 800
100111(1113.)111,,1000. 11, Μ. 1, 07.
1111111131 111

notibus 1, 088

1001110101 0113110 11, Μ

nolimu} 11, 000

 

