xlii 11111

1111111111 11, 040 1111111111 1, 041. 11, 101. 408. 1, 011.
1111111111 11, m 11, 4001000
1111111111111,1100 Iuduperutnremv, 1000
Inclusa (plur.) v, 10 Indupnrntom iv, 000
1111111 (plur. v, 000 11111111111(1111.)1,1001
Inclusum i. 004 Inesse 1, 001. 11, 001
111111 (sing.) 1, 41 Ineunt 111, 001
1111111111, 10 1111111111 1,0 Ineunte nvn 11, 110. 111, 040110. v,
Innnhtbeuit 111, 410 000. 000. 011
1111111111 1, 00 1111111 vitun 111, 40
Incolumis 11, 10. 111, 110 1111111, 004
Iunonium( 111.) 11, 1000 Infantia v, 1000
1111111111 111011.) 111, 011 1111111111 1, 101
1111110111 11, 400 1111111111,Μο
Incurrunt· (plur.) vi, 001 1111111111, 00

, Increpet iii, 040. 000. 010 Inferiores 1, 100
111101111111, 011 v 1111111 (plur.) v, 010
Incubuit vi, 1141 1101111111,ωο
lacunis 1, 000 Inferna 111, 000
1111111111 v, 1000 1111111 (adv.) 11, 100000101
1111110111 11, 000 11111111 v, 001
Incumbit vi, 000 Inferri 111, 000
1111111 11, 1040 1111111 11, 1110
11111111 1, 000 11111111 ν, 000. 1100
Incnrnum 111, 101 Infestus v, 1004
1111111 11, 010 1111111111111,101. ν, 141
Ineunt 11, 1100 11011111 11, 10
1111111111,οε0 infidi nutrit 11, 001
laenam 111010 11011111 1, 011
11111111 1, 000 11011111 1, 001
luentem 11, 110 1101111 111, 110
1111111111, 00 Infit 111. 011. v, 1001
111111111000 1111111111 1, 110
111111,Πο 11111,100.110.100 Inflare 1111111 blm
11111001010 110111 v, 000
lunia 11, 001 Infra 111, 010
11111111, 800. 111, 000. 11, 001 11111111,001.1100
111111 unanimum 111111ςί 111, 100
11111111, 001 Insula 1, 00
Indicio 11400. 11, 1010 111111 1401
11111111 11, 000 1131111111,010
11113111, 010 1111111111, 400
Indigna (1111.) 1, 01 Ingenio 111, 1000. t, 1100 nemun 11, 11
1111311011 ιίι, 1000 lngmioqnetit 140. ν, 1110
Indignamur 11100 Ingenuum 111401
1111111111ΰί,οω · lugenti· 11, 1101
Indignatur 111, um 1111111111111001
11113111, 004 11111111(111ι.)1,40.11,10(101.)0,
11111111 11, 1104 1000. 11, m
Iudituu v. 1104 11111ςτιν1ισιι11 11, 1010. 11, 5oe
111111,1000.1,100 1111111000 1111131110, 000
11111111,11.11,140 Inhiuuintei, 01
1111111 1, 140 1111111011 11, 1100
Inducti 111101, 1010 11111111, 1010
1111 11, 00. 11, 010. 000 11111111 (plut.) 111, 010
11111111 1810 11111111 1, 400
1111131111 v, 1000 11111111 animi 11, 100
Indulget 111, 011 11111111, 100. v, 100. 11, 111
1111111111 11111111 mus
0100000πὶ 0.οὓ 1111111111, 11101110

 

