ΙΝ 1111111011οΜ.

Pomm 1, 410 Possident 1, 010
10111111, 107 Possidet 11, 000. 11, 001
10011111 1004. 11. 100. 100. 041100. Possis 11010
710. 1010. 1. 441. 040. 11, 004 Ρο11001 1, 400
Pondere 1, 000. 004. 111, 000. 110. 000. Post 1001 111, 010
11, 000. 1041000000. 11, 104. Ρ11111,1000.111.070.11,000
040. 070. 001. 1000 10001010.) 111, 1000. (01011111. Μ
Ponderibus 1, Μ. 1010. 11, Ι07. 110. Ponoedor 11, 000. 1,1410. 11, 1000
101100. 1, 410 Ρο11111111001 1, 010
11110111111077. 01101101 Posterius (101.) 11, 101. 1,100.000.
pondu, 1, “⁴0 01, m· 0119151οω71 ¹1¹2 1200· 12801 01,8ῃ101ω ⁴
00, ¹2⁴⁸· 'pam ⁶⁸⁶· “³0 lm Ρωω 1111 ,τοι 1010170
Pooebot 1, 1001. 11, 1111 1110001111, 070
Ponere 11, 010. 1, 017 10110111, 004
Ponit 111, 070. 1, 011 Pomm (sing.) 1, 000. 11, 007
Ponitur 11, 110 1101011011 111, 101
Pono 1114 “ 1011011111, 041
Ponte· 1, 100. 111, 707 Pontum 11, 401
Ponti equora 10. 11771. 11, 411. 1, 10110111,1000
000. 11400 10011100111004 0101- 1001111111
,10011 1111040 gurgite 1, 000 plu· Poto 111, 1001
gu 1, 401 equore 11700. 11, 010 Potum 111, 70
0111111111000. 1,1001 momine 11, 0011011111,40.111,1040.1,1007.1111.
470 profundo 1, 410 11, 10
Ρο0111,000. 111100 1000000.) 1, 000. 11, 0101000.
Pontum i. 171. 11, 101. 111 iii. 000
Ροῧ110008010113π Ρο0001111,111006. 101 ”emt mour·
1111001111,001.11,00 104. 170. 170. 107. 000. 410. 007.
Puplitus procumbunt 11, 000 000. 074. 000. 000. 11, 04. 101. 401.
Populi (sing.) 11, 1100. (0100)·1, 1111 1, 40. 00 000. 070. 1047. 11001041.
0011011111,1000.11,000 11701104
Populum 11, 1141. 1140 Polum 11, 007. 1, 1100
1100010111, 1077 Ρο101101111,1010
Ρο1111110111, 100 Potitiorum ii. 10
Pomnt 1100. 11, 440. 11, 004. 000 Potio 1400. 11, 011. 1000. 111, 400. 000.
Portunum 01101111 1. 71 1001. 11, 010. 001. 1100. 1, 1. 001.
101111(οο10) 1, 017. iii, 07 710.
1010111101 Pounimque 10, 781
Ροῐ1ι10111, 001 11111111 1, 070
Ponam 1110001 17, ⁵⁹¹¹. V, ⁸80 m· Ρο01οΙ 17, 060
840 1001001 11, 770
11111101(1111.)11, 410 Ponitur primordio 11, 001
0011111111 Potitus seeptro 111, 1001
111 Porto 1111311 11, 400 10110001 11, 1000
101111101000 Ρ11111101,000
Pau· 1, 700 prebebat 1, 011. 000
1011011701 haben· 1, 100
munium 1111101111,111.111
1011101100011.) 1000. 0111908. ff. 1110011410. 11, 00. 007. 11, 1004.
700. 1007. 1017. low ἰ 110
Potitum prindpiomm 11, 040 111000, 000. 11,170.410. 1, 000.
0111111111001111.) 1, 000 vi, 011 .
Pauori· (101111.)11, 000 1111111111 11, 100
1001011, 1011 0111011111 n. 011
pm 'p ,ω PwlP-nfl lm
1101110111, 000. 11,040. 11, 1000 ΡΜΨ 1111...οῚ
1011101111,οΝ ΡΜΡίξυῐιὶθ
1011001007 . rum 11,000
1111111011, ool Pffldffiss 1111000

 

