ΙΝ munumina.

111111 v. 1111 v ·' vum-mu· 1.,111
111111 11, 1 11111111 111191 111, 1001
Vexat 1111111 1, 110 Vigilate 11111111 1, 1109
vexat· plegie 1, 994 1111111111, 419 vigilantes 11, 911
11 1, 11. 110110. 009. 119. 900. 1011. 113111111οη1 1, 111. 11, 11. 1,1404
11,01.199.191.190.199.199.110. 111111191,141.Ι1,401.1111
940. 901. 111, 19. 190. 911490. 919. vigilet 11, 101
1111111111111. ese 111. vigmanno„ 1111. 1111 ,
1111.1111.1111.11.111.111. 111. 1111111111 οήιίν.111111111·ἱν.011
179. 011. 940. 114. 1990 vin· 1111111 111, 1019
w· 111111. 111111. ..111. 111. 11, 11111111, 1111
0191140 11111191. 11, 491.1101. 1410.
1111111...) 11, 1111. 1.. 111 1111. 11, 111. 1111111111. 111.
11111111111111.1111111111. 000 1111111111101 =
11, 914. v. 119. 1111 prim 1, 1009 1111 11, 101. 11110
cuncte 1, 119 vinum consurgere 11, 401
viem 1, 11. 11110. 111, 1011. v, 111. 11111111, lm
1111110190949. 1101 1111111Ιο 1111101111 1, 001
vietum 1, 001. 11010. 11909. 111, 1111111011,1110
111. 901 1111111110. 1111191111 vincere 11909900. 111, 001. 11, 491.
111, 990 11111111, 010 1111111, 01 1,’114. 11, 109 · ·
1111111911400119. 11904. 049. vine! 10 nvo 1, 101
901· ’1 ⁴⁴²· 1⁴⁴8· 11, ⁶²⁶· m· vind! 1106519151 lm ¹
10491119. 1109 111111, 910 oculo· 1111111111, 1190. 1, 914. 1111
nm iv, 149. 101 11111111 111, 099
110111111111111111.091 1111119111 11141
111111 (plur.) 1, 901. 11, 499. 1011 vium (plur.) 1, 940
Vicinum 11, 011 1111111211, 1100
11111111101 1111111111ιὶ1ὼί 111, 91
1111101111.) 11, 000. 1, 1110 (plue.) 1, 11111111 1, 491
110. 1101 1111111, 1100. 1, 1111
vien (plur.) 1, 1111 1111111,111..1,11111
vetor 1, 10 11111111, 1199
1111111190 111111111,119.999.909. 11019
wenc· 1, 1049. 1010 1101111 11, 19
1111111011. v, 1091 1111111111 11, 014
11111111(ωο11.) 1, 009. 1, 901. 1019. 1119111111. 1, 1104
1100119 111111011111,101.1,901
wffiefflj.) 1, 1111111. 111. 1111. v, &meni'iffle'litl'ellm' v. 1110 ’
to , .
1111101111, 1499 violatis 1, 004. mo
1101111111 11,901 11111111 111, 914. 1, 1190091110. 11,
11011111 11001 ⁴ 410
videntum 11411 111119191110
1101111111, 111. 1941. 11, 409. 1, 900 11111111 1111111111 119
1101111110 1011(1111.) 1 011. 11114. 991. 911.
1111111. 1⁰⁴0 1111. 1111 1.,111 111. 111. v,
1111111111, 091. 1, 999 m. 190. 410. m. 994. 1010. 1111.
vuum 1111111111,919 1110.1119.11.141.1104.1111
1111111 vestem 111190 Wmtcoph 1111111019
113111111100194 1111111111191
1111111111, 1100. 1111. 1101 virgineam 1111199
1111011 v, 1191 11111111 1111111191
vigente 11111111, m 111311111199911. 1109
1111111101111,101 1111111111.11,1190.1101.1,011.901
1110111111. ..11111111 111(..1.1)11,111.111.111
111111111,11.1,1000 11110111 1199910. 1111111110. 111.
1111111111 111 111. 1111111. iv. 111. 1111.
0111111111 ..1111111111 1111. 1111. 1111. 1111 1111. vl.

 

