111 munuum.

monochronon! 1110011011, 917
91101 1, 079. 111, 140 91110101 11, 990
711111. 1111 unm u 010
1111111, 44 . 11111 00301111, 004
911101, 419 111101111, 009
1130111,900.049.11,941.909.499.11111107
099. 019. 791. 770. 019. 11, 991. 910011, 491
910. 909. 1, 977. 1999 9111(11·03.)111, 040
9130101003.)Ι 11, 190. 909. (010101, 91100111111011110110011, 1994
009.11, 409. 7091090. 11, 000 9111111 Aquilonum, 910111· 1, 110. ’111,
11311111· 11, 07. 900. 009. 1, 909 11, 719. 719. 799
9130111011, 419 11101111, 970. 11, 497
9·1301111110··11,470.111,910.11,099 111001010111, 091
1131111··0,100.101.111.111. 11, 99. 1111311111Ι ιιι, 1999
40109. 1 444 11, 779. 779 9113111111, 9
91300111, 994 9113111111 11 11001107
9130111 11, 191. 999. 940. 909. 919. 9113110111 1190
001. 004. 777. 010. 111, 101. 947.11, 1111111111· ι, 991. 11, 194
749.1,949.191 1110011100111001111111. 11,
911101, 904 990. 1, 099. 1904. 11, 191. 104.
1711101011, 090 999. 001. 1107
911011, 941. 11, 00 9110010130110111, 199
ruam, 979. 901. 009 9111011111(11113)1 9991101. 11,919.
91011099 970.970.11,01.111,799. 049.(ρ.101)11,999.1,1199
11, 091 91101011 1111301111 101
9101101,190.009.990.747044.11,1111010111,.790 000.1,1090
1110.111,090.1100. 1, 904. 909. 9111010110 11, 194. 11 1000. 1994. 11,
8941194 009. 999 10111 1,1900 1111111111,
91011111, 00. 1, 919 991
rugan. 019 111000101111
19331111, 199. 719. 11,.944 111900. 9110011001794. 1999. 11101997.
1, 900. 910. 1000
9103111, 049947. 111, 000. 1, 090. 11, 3310101111, 409. 001. 11, 999. 000
1101011111, 071
90131101· ι, 979. 190911, 170. 11,.009 9111011111(1103)11111910.(31101.-)101
1, 711 111, 090
1103011311ἱί 97. ’111,99. 11, 97 1130001011100
91111111, 900. 1099 9111010101 111101 1,1901 10101 11,
9101111111,071.799.709.1990.11,019. 907
7991179.111,010. 11, 999. 1110. 9111001111, 990. 111, 009. 999. 11, 499.
11911199 1, 709. 1909. 11, 917. 977. 999. 000
ruique 10111111, 977 1110111 11, 717
9101111, 907 9111111, 994
9101011990 91110111,190.900
· m i, 90110801 ffl· ⁰⁷⁸· ⁰⁸¹0 11, ῘΙΜΜΙ, 981108
990.019.1940.111,997.1994.1091. 91101111111919
1,19191499 1111110111.111,110. 1,1109
1111111010 1103.)1, 77. 000. 11, 479. 010. 9111111111ἱὶ1, 991
1119. 1, 99. 11, 94. (3101.)·” ιι, 047. 911011, 990
099 1111111, 091
Finiumii, 997 9101111910009
911111 (1103.) 1, 910 nexu mucronibus 11, 497
9111111011(3111)ι1,900. 1,1910 9111011011οι 11,997
9101110111 11, 049 91110111 iter 11, 91
171110113111 9111011(1111111.),11, 919
7111110111· ι, 000. 990. 007. 000. 11, 911101(101111.)111, 90011, 991. *,019.
1111111111007 Pluere u 95

netu„ 11 Ver. 0111. 110. 111111. · 11

 

