IN 67101767Ιῦ14.

16111111, 678. 687. 768. 1, 1687 6111111766
611111111111, 77 Nati (1111111. 1111111111, 768
16111111, 777. 667. 767. 11, 170. 707. Ν1111(11, 1749

111,167.746. 11, 177 461. 1, 176. Νι1111(1111.1,) 7166.1,744.777

688 Nativa 11, 647. 1687. 1, 61. 776. 747.
Μ11111111111, 167 11, 47

6111111111671 11111111 1111111111, 418
6111111116ο” 1, 687 1711111111 1, 67. 777
6711111111, 867 Natorum (11611.) 11, 17
6111111111111111, 7681 11111κ111611.)11,1766
6111111111, 776 Νι11111(161)1667. 11, 877. 877. 646.
61111111, 866. 1, 876867 ν, 611
6611111 (111 .'') 111, 768. (plur.) 1,616. 1116111’1.1676.61.67.67.117.177.
1077 196. 760. 717. 776. 777. 764. 787.
61111111 1111.)1, 61711, 747 764777. 777. 777. 764. 476. 477.
6411111 11111.)1, 861. 111, 766 447. 468. 664. 667. 674. 687. 607.
671111611υοὶ, 676. 667 .616. 677. 670. 796. 649. 916. 761.
6111111111, 671. 797. 11, 770. 111, 616. 1001.1906.1077.1077.1979.11,77.
686 768. 774. 777. 747. 717.767. 778.
6611111111, 748. 776111, 766. 1, 776 466. 687. 646. 767. 817. 878. 644.
6111111111,766 1660. 1667. 1671. 1087. 1176. 1148.
61111111111,1177 1177.77.76.171.168.186.107.
61111111111111004 764. 717. 777. 776. 776. 747. 774.
6111111, 777 707. 774. 777. 676. 666. 674. 676.
’6111111 11111.”) 11, 707. 1174. 1, 661. 706. 717. 787. 671. 876. 847. 866.
(plur. 111, 746. 11, 1179. (1111.)11, 944. 967. 11, 76. 44. 107. 176. 777.
746.1,867.1076.11, 1687 467. 744. 766786. 844. 867. 864.
111111111111111, 76 7461681.1177.1747.1,66.78.
Μῦ111671111ζ1117807 ¹28· ¹³¹· ¹⁴⁹· 7861 m· ²¹⁹· ”⁶¹
641111111, 1766 740. 787. 776. 761. 666. 771. 667.
ow· ΒΝ· 8447 mo! 81678770 lm·
1780. 178717671761. 11, 70. 717.
Ν. 776. 774. 677. 646. 687. 777. 746.

766. 676. 967.997.1646.1061.
Nacta 11, 671 7177

1111111 11, 1746 6111111111, 777. 477. itm. 1,776
611111 oculi iii, 476 . 1111111 6111111111· 11, 717
Nudi 611111 11, 847 61111111611111116
1111111806. 11,416. 111671. 11, 466. Ν111111(11113.>77.147.11,66.111,77.
677. 691. 11, 776. 777. 7191 710. 1, 711. 977. 11, 46. 779. 907.
61111111 111, 660 7607 2
7111161111406. 11, 610. 647. 660. 11, 7111111111, 1107. 11, 707 1661111, 669
999. 1, 76. 1076. 11, 766. 1701 Νι111111”11,79.760
11111111,1777.1747 6111111111, 77. 177. 676. 667. 660. 677.
6111116111 111, 618 677. 687. 688. 767. 767. 777. 776.
Ν1κ11111111,66 777.949.1067.11,70.166.707.677.
6111116611 1, 114. 111, 671 664. 766. 717. 860. 876. 777. 111, 16.
6111111,161.11,1011 47. 176. 167. 776. 709. 779. 771.
1111111111ἰὶ, 086 776. 766. 467. 616688. 641. 704.
Nascuntur 11, 496 811161111611111176186.
61111111111111, 1161 776. 747. 667. 1, 66. 64. 168. 766.
Ν111(161 11111.)1,114. 11, 476777 766. 677. 876. 677. 11, 778. 476.
111766. 11776. (11116111. 11, 664....667776786766
777. 11, 874. 867. 1, 1677 Νι11111111111116111,181
Νι111(1111’.11111.,)171 1111111111 lamii, 77
1111111611ἱί1, 711 7111111111, 711. 111, 716
1111111111, 887 11.1ι.(ι.1.)11,111.11,111.1111.
6111111111, 747 644 1,4.86 11,404.11,171
1146 111111,1111,111.11,1111

 

