tx 11111111

0111111ιι111111,9411111111,1919.(11111.) 199999.1,119 “
eminati. 999 0111011399, 919. 11, 1199119411-
01111111111111911991 11911111, 197 upum, 499. 491 111
oppmumotenv, 799 111111, 999. (ptumum. 1, 494
011111111ιί11, 994 terrerum 1719 etheris 11, 999 11,
opprimere' 11, 999. 999. 991 919919. ι, 144 atheiis 1,99. 11,
01111111(11ιιι.’)111,999.11,1499 99

011119191111949 0111111 111, 479 419. 11, lm
0111111111(Ρ11ιι.)“1,1141 ortanam, Ιιι.)11,999

οριιιιι1111,11949 opus etue 11111111 0111111111(.ρ1111)11, 91

ittet 11111111191111111111994 01111111, 1979

011(111111.)1, 919. 11, 491. 919. 111, 0111111(ρ11ιι,)1,994

ιιι. ιιι. 1., ιιι ιιι. ιιι. ιιιι. 01191991] 11. ιι

., ιιιι 9111111111 οη. (.1., )1., ιιι ιιι. ιιι

01111 91111111, 949 011111 (11111111, 99

01111, 449. 499. 47411, 14. 149 1141111 011111,199

1, 799 111111ιωί1999. 1, 999 111· 011111(11111111.)1, 919. 1, 919. Μ. (11111
11411111,.44.171 19411, 977. 917. ν, 11, 140499. 4117. 11, 444. 1, 1444.
494. 774. 1499. 1494 1111119111. 919. vi, 444. utu

1, 479. 994944 11111111, 949 141111· 01(11111)111,199..11,Ἀ.999, 11999
11111111 11, 999 0111111111, 1979
01111(111111.)11,997.1,949 0111111111,ω9.11,1974.1174.1197
0111111 (tium 494 01111,199.499.949.999.994. me.
0111111994. 1, 744.11(19.1444 111, 194. 944. tm. M 11,749
Orbem 1, 944. 444. 999. 719 tomum 01119111 1, 411. 949. Μ. 111179. 491.
11, 997. 1494 11111111111111, 411 mi 997.1,999.11,1Ὴ

1111999 11111111111,919 19111 1, 799 onte-gn 111111.)1,1979

lun· 1, 794 Ostendam 11, 999

Oion temtum 11, 4141914 11111111, 01111ιά11111. 991

947 rotn- 11, 999 Ostendebat 1, 99

otti 1111111111 1, 711. 11, 999 9111111111111. 11, 1994

0111111111 1, 949 0111119111179

011111 111, 419. 1, 411. 944 0111119111,199.11,499

01111, 119. 11, 799 Ostendimus 1, Μ. 499. 111, 911. 11,
01191111,944 1779.,1444.11,.774444

011111 11119111, 49 0111191191, 99

0111111ιί, 9911979999. 994. wl- Μ. 0111191111, 919

ml. 11, 944. 417. 994. 1414. ’111, 0111119719. 7499491911111,447 ute
419. 747. 97411, 99471. 479474. 11, 49

1, 199. 419. 491. 979. 791. 799. 019911191199111111,99

11941449. 11, 914 011..,1ιιι.1ιιι

0191111911 1199991» 01111, Μ. new

0191149911, mmm· ’494911

0111,99.49.11,4Ὰ.914.111,.9Ν.Μ P.

s 11,.999499991 949. 1,949.994.
449.1144.1479.11,4.1194.1174.44411111,944.11,449. 11,494.1Π9.
lm 1, 9441811119.Μί417. U·

0111911111419. 1, 449 949. 974. 1199 111141, 444 tum

1111111199 ι 11, 917 lugu, 991 11111, 999
tutti, 991 Ριιιιιιιι vitm, 1194

onetenturmttt 911141911ιί11, 994

οι... (.1, v. ιιι Ριωιιιι. ιι

0111191191. 1,999 Penei, temetum-‘am

0111111111,999.779.1,..4499θ947 Ρια1111μ41 1,Μ.19999991111,44

01111ώ1111994 Ριοιιιιιιοιιιιιι, 1999

01111111,191.949.1474.4444.1,179 Ριι111,1194. 11, 99
449.1411.1949. 99444 Ριιίιῌειὶἰὶι,794

011111,19111111.1111.11111. ιι, Ριιιοιιφιι, 111

 

