ΙΝ huokssrlun.

6111111111, 660. 601 1111111 1, 666, 11, 661
Eximit 111816 8116111111 111
Exin 111161 6111111111 11, 181. 660. 1666
8111111611111111616 6111111111111
nris 1, 111. 11111. v, 111. 111. 1111 Euructi· vi, 111. 111. 111
Ε1111111 11, 666 Exsupersbst 11, 1616
1111111111 11111 Er templo 111, 616
Brisio 1111111111 860. 11, 668 8111161111 11 464
8111111111 1, 811 ¹ Ε11111111111111 111686
1111111111 11, 661. 111666 nesus im} 1111111111111, 1666 .
mimos 1, 661. 11, 1 1111111 (sing.) 11, 611. 466
Exolvit 11, 818 Externa (sing.) 11, 660. (plur.) 1, 661
1110111111, 160. 1, 666. 616 rerum 11, 61111111, 616
666. 1061. 11161. 1166116. 1, Ε111111111,1066.111166
661 1111161111 usurum r, 616 Exterritus 11 1066
6116111111616 Erterrusrtur 11, 1016
Exortum 16 11111111 iii, 660. 11, 661
Eros 111, 161 1111111111 (sing.) 111
81111110 11, 1664 minctum 11, 161. 601
Ε1ρι161111161 Extollere 11666. 1111. 1116011661.
1119161111 1111 111, 666 11,16.666 '
Erpergefscts 11, 416. 11, 666 Errorqnebss 11, lm
Erpergefsctum 1, 1601 Ertrs numerum 1, 1660
11111ῐρ1116,666 6111111111 111, 661
Erpsnrrstis 1, 1661 1116111111, 618
1111111ιὶ111 1660 Externum 1111111111 1, 000 6111116,
1111111, 1111 1111
81ρί111111664 Extremus 11610
nuptant 111, 160. 11, 166 Extrinsecus 11, 1161. 11, 66
111ρί111111,ωο Ε11111111,1661
Expirn 11, 811 Ει111161111111606
111ρὶ1111 ignes 11, 666 8111111111 611
81ρί1111816 8111111111 11, 88. 686
&plaudentibus 11, 116 8111111166
Explemur ’111, 1060 1111111111, 166
Explens 1 601 8111111111, 661. 11, 666
Expressa 11, 611 hulme 11, 1666
31111111111011 8111111111166
rapisti 111, 1066 8111111111 111, 1066
Explerier 11, 60 811111111111, 686
1111111111, 666. 11, 1601 Exupents (plur.) 11 664
3111111111, 816 ’ 1111111111666
Explica ii, 881 , Ειωςω61111116
11ροί1111111 1666 81111111(ρ111.)1,411
61111111 1, 666. 066. 1111011111.
&wit i! lm· ϋί6 988 F.
111111111111, 1668
Ειρ1111111,486 11161111 11, 616
1111111111111, 1,1061. 11, 661 8161111161 (plur.) 11664
&promere 11, 666 8161111111 111, 616
Expugnat 11, 1001 1116111111 iii, 168
Erpu 1(ρ111,)111166 1111 (pro 111) 11, 484. 111466. 11166
Er ’11,61 6111111111,616

8111111οῆ11 11, 666 racem 11, 166
1111111 ’ “ 1, 861. 1, su 11111111 606. 1, 1106. 11, m
Exspectare iii, 116, Fsoessurrt 11, 661

8111111111 11, 1060 rade 11, 1061. 1, 866. 1160
1111111111 , 1111111111

 

