1111

vepna 11, 00

111 1, 110

11111111 1, 000

1111 ratione Ι, 880

11111111 11, 041

11111 1, 810. 011. 11080. 11,011.118.
001. 081. 018. 080

verbm 111, 1010 ventorum 1, 001

voment 111 11111 1, 878 111111 11, 800
111 11, 080. 11, 1080. 1087

1111111111, m

1111111111 1,180. 11, 111 1101111111 1,

11111 111111 111, 181 111ρι1111, 110

Verbi· 1,180. 108. 011. 814. 818. 811.
11, ⁶⁸80 iii, m 1,, ὕπο 1181 ¹⁶⁴!
101181. 1101

Verbo 11, 180

11111111 11, 014. 001. 100. 118

1111111 11, 001

1111111410

1111111, 81

111111111111111111Λο08

vagitu 1101111. 111

veridici: 11, 11

1110111 111 11, 0

11111 1,110. 11, 108

1111111 11, 810. 011. 111, 110

111-111011 111, 711

1111110111 111, 718

1111111111 11, 808

111111111111 1, 000

1111111111111, 10,

11111 tenpore 1, 011

1111111 tempu· 11, 108

1161114111 aquom 111111, 107. Μ. 11,

1111111, 1110

11111111, 180

11111 (sing.) 1, 1101. (plur.) 1, 110

ver-bum 111 11, 081

1111111011 turbo 11, 411

1111111111 111, 1008. 11, 114. 11010

1111101 1, 111

1111111111, 111

01111111111111, 110

11111111 ii. 10

1111110111, 101. 1, 017

1111111111 11, 1110

1111111 11, 401. 1, 110

11111111, 881. 1, 011

11111111 templum 1, 1410

venatur 11, 111. 11110

1111111111

‘verant ι, 111

1111111, 1100

1111111111, 10. 118. 411. 000. 810. 048-
11, 081. 1011. 111, 80. 11. 81 eternis
1, 118 hm 1, 188 1111011111 11,

¹1«an ·

venus (11111. plur.) 1, 010. im

111111 11811

1111111111 11111111111, 1,111

11111111. 11,117.111.11.111. 1,
188. 810.οη 1111111111ῦο 1111·-
11111111 11, 1100

1111111 (pram.) 1, 1100

vuum 11, 811 ,8⁸

11111 (111.) 11, 141. 11,101. 1, 001.

1111111 1, 101. 11, 110. 111, 1014. 11,
100. 701. 100 ·

11111111,111.11,010.11,810 10 lnp-
dur, 1108

¹ 1111111111, 111

11111111, 810. 1,111

11111111 11, 180. 111101. 1, 011

vertunt 0, 111. 111. 11, ms

1111111111,118

Vnum (1111.)1, 410. 11, 110. 801. v,

111101111111,111

1110111111,1081 111111,ῶο 11111
111, 11

11111111 11, 1110

11111 11111811

1111111111,110 . “

vate 11,,10. 11, 1184. 1, 011. 1110

1111111111011. 11,118. 108. 1880. v·
811. 11111 111111111, 887 1111111
1111111, 00

ναωίῃΜ V, ²⁸²· ¹⁴⁴⁸· 1114101
011011111111Λο0

vestigia 1, 101. 407. 11, 111100. 1111.
,101 ⁸2¹· zm· ⁸²⁹0 οη. 11, &om
100. 001. 1188. 1, 50. 711.1801.
1111. 11, 111. 107 1111111111 11, 411

11111111,011

01111111. 111111. mm. 1111

“ 111111 11111ςὶ11 1, 081

0111111111. 1, mmm

Veteri ii, 801

11111111 1111111 1, Μ. ⁸⁸8

111111 11, 1101

111113111111,8

1111110113.) 1, 101. (plur.) 1, 1081

Vetanus 1111111111, 077 much 11,
000 1111111 111, 1008

111111111 Ι, 180. 11, 001

1111111111 1100

vetusto 111111 11, 1111. 111, 110. 1,

1111111111πά1 1,111

111111111111 v, 118

1111111 1111111 1, 180

11111111 plagis 1, 1004

Vexue iii, 11. v, 111. 11, 11

 

