„xvi

0111111171

01110011, 001

cimam ρ,1111111001 011

circum (1111111101)”1ι,011

Gucumactin, 111

(11111111ῤωί1, 117

cimmo-daia, 111

0111101111οη 111, 110. 11,111

&mummium ·

circumdantes

0111011011111, 111. 11, 1011.

0110111ιί011 1,10

(1110011011711

011111οι1111 1, 1111

0110111111111Λ70

011101111μοί, 1011

chananaei, 1011

01101111111101011,111. 11111

c‘ucumvolimt 1,111

01111111

01111111ἰί,11 11, 171

01111111

“ 0111111111, 111. 1111

011111111, 70

0111111111

0111111111,Μᾶ 11. 1011

cladem puicliffi, 8111,170

0110111001,117.11,111

clades(sing.)vi, 1121 (plum 11

elamor 1,111. 111, 171. 11,111.1’11.
101. 11. 111

0111101011, 117. 11,111. 1,1111. 11,
111. 1111

Clamoremiv, 1001

011ωο1111111,1011

0111011111ω1771

011υά111101 11117

claud· 11110

011110101111,771

0111011011 1, 1101. v, 1111

011111 11, 117

0111101111, 111

olm 11, 101

Cluen 11, 11

0111111101

' 0111111101 11, 101

01111111,1111 ’

0111111,101

01110111,111

0110111111, 111

011111111111,111. 11,111. 11, 111.
0110111111. 11,010
011011111,101

01111011, 71. 111. 111, 117. 11, 1111
01111111 11, 110 ·

0111001001 111, 111

0101111111.111

’ {HM}
.

0111111111111
0111111111,111
0111111111101 ,
0111111110· 'stom
0101111111. 11, 111111
0111111110

cinoth, 10
0111110111,1201
0011011,1011.11,111
0010111701
0010111111, 1111

“ 0011111111110

0011111110 1,111

0010101111

001011 11, 171

coactus 111111

001101011111,1111

0011011101 ιι 1000

coegitiv, 811. v, 1111

0111110111, 111

0111101010. 1,1101. d 111111.
0111011011, 1⁰oe

edestam 11, 1171

01111 11111111. 171110. 11, 171.
101. 1011. 1011. 11, 111. v. 11. 111.
117. 101. 111. 111. mm. 111.
111. 110. 111. 1111111. 1111. lm·
1111. 11, 11. 11. 111. 2⁵1. 181101.
117. 111. 1101. 1101. 1111. lm
1011111111, 111 1110111111111- 11,
11188 mmm mmmm·
11111ω10111,1111.11,11 templ·
1,1111.1Μ.11,1011. 1,491.111.
11, 111. 1111 1101111111, 1101. 11.
117 cavemus 11, 171 wnpmsiv,
111 11111111, 111
0100111111001. 11611. 1,1011
0111111111, 1101. 111111. 1,111. 11,

011100. 1111711781 111111 111.
ffl.hwmfflvmmm
171.11,111.110.171.111.111.
110. 8111. 111. 111. 111. 17111111)
11, 1 1

01101001111.1,111.111.1117.11,
11. 111. 111

0010111, 1011

0111011 1,1.70. 81οὥ1. 1111. 11, 111·
111. 1011. 1011. 11, m. 111. 111.
111.111.711.1,11.71. 111. 111.
111. 111. 117. 117. 111. 111. 111.
0111111111111111. 1110. 11,
1.11.117.171.110.011.111.117.
1011. 1011. 1101. 1117.·1111. 1111

coelunque ι, 111. 1111. 1111. ι.. 101.

111. 1,11.111.11,101.111
01110111, 77

 

