«τ’11 1111111111. ’τ im

011111011001001.000.1881’,1101001 0111111111, 000 · = “ ’

. 1.10.1001010.110.1110 ’0000111110 10101 00010001 0001 00101

0111111011,1001.1101 -· › « 111,00.100.11,00

0111 1110.)1, 18 01111111, 000

01“ 1111,101111111,100 0111111111, 018

01111111, 000. 000. 1, 000 0111111111, 100 ·

1111(1111)11,111 1111111. 11, 111 1111111,11.111.111.1,111 11, 111.
1111111111 · 1,1080 . ·

0111111810.11,00 0111111000

01111111,111 · 01111, 010. 111, 000. 111000. 080018.

’ 0111111111,10. 000. iii, 00 1,1001. 1080. vi. 1000

011111118οθ v 011111(11111.)11, 8001 111100. 000. 11,
0111111111,1100 000. 000. 000
1111111 111111, 000 01111(1111.)1,000.000.001. 11000.
11111ήο1111,1100.1100 11101008. 11000001. 001. 000.
01111111, 1111 111. 111 111. 111. 1111. 1, 111.
0111111,1001 ⁴ · 1000.1080.1081.1110.18181000.
01111111 , 11, 1111 111
01111(111.111.11113.)1, 088 0111011111, 001. 11, 011. 1000. 1001.
01111111, 111 ««1111.1111.1111111111111,141 a
0111111111, 000. 000. 001. 080. 11, 180 Vociferatur 111111111110014111, 000
0110111111οΜ 11,010.000010111 0101111111ίί, 10

1111 11, 100 0110111111 1111111111
011111111101111111-01111111,401·.1,1111.1011.11,1110
0111110111, 00. 000000. 1, 100 «31110111, 000 ·
Umbris 01311111,Μο 1011111, 010 0111111111νί,οπ

nux 1111111 1111111 11, 800 01111111 11, 011
01131131111001 · 01111111,010 1811101011,Ὴῖ ,
Une· 111111111111”11,·001 ⁴ 0111011111, 000
Unel· 1113110111 01. 1001 01111111111111, 001
11111 11111111 000. 1·, 1000 0111111111, 000000
0111111111τί, 010 0111111111, 180. 11, 80. 080 ·
11111( ρ.111)1’, 111. 11,,111 111 11111111111.111.11,111.11,1111.
011111111111111.11,411.111.,1 1, 111. 1111 1111111. 111. 411.
' 111.11,111111111’.111. 111. 1111411111

881. 801. 8001111 10111111, 181 0111111111 11111110,- -1080 ·
011111,οω · 001111,011.10110.11,100.11,0000
0111131111, 100 0111111111800.11,080

1111111, 1111. 111. 111. 1111. 11,111.111.111111.111

0000111)1,000·010.018.1000.11,011118101111111300

0000001080001010 1110111111 11, 0111111111, 1000

010 · 0111111, 000
0131111111, 1118. 1100 011111, 800 ·
013111013111111111, 000 ’ 0113111111111183111111111,οΙ
0131111111, 010 , 01131 1,.010 11, 00ομ 1, 1108 v
01311111001.1,1000.1080 0111311131 11, 1000
0131111100100011001’0113111311111111,000
0131011111οΜ Vofft: 07011)310οξ0,ἱιίῦἔΙξΜΙΙῄὛέἶι

· 1,

011311111111111111, 080 01131111111111111111010
01111, 800 0113101, 000. 11, 00
0111111111,111.1,011111.110 apti 0101111ομ100 11, 0080

111, 801. 808 , 1111111111·1ρ1111111,10
Unum 3111011111, m 01811111,081.11,080.·11,001Εο
Unum 1110118 111000 · 0111111111,1000.10,00.01,00 ³
0111111111(111 10).)11, 000 11111111,1111.1,111.1111.1111
0111111111 111 800 · · ’ 11010100 11111 1, 1080
0111011111, 000 . 0111111111 0111111 iii. 081. 11, 1110
0111111111, 1001 · 1111111, 0000 10111111 11010

013111 11, 1110 ·

 

