11 1111111111. ix

Aperte (181.) 11, 149 81111111 v, 1181
11111.1111111111111111111. 1111111111 11111. 11111111.
811111 corpote 1, 198. 11,181.1188 11981199

agnum mne ”m m ἡ 13101 811161 111111 111111
nm 11111 1111111111]ιεὶ ’ ’
Apertum 11, 178 Arbor 111188. 11191998. 11, 878
Apa 111 11. 111888 Arboribus 1, 188. 154. 178. 898. 1998.
1111111111. 1,,1111 · v, 111. 111. 1111. 11111
8111111111 11888 Arboris 1111. 1,88.1999. 1891. 11,
8111111111 11, 489 187 ·
811111111118. 1197 811111111411789 , .
Apparere 1, 878. 11, 488 811111111188881898. 898. 811. 998.

1111214181116111. 111, 11. 111. 11, 111. 1411111111111111111111,
Vl, ο

Appellare 1, 88 8111111119,111.ν,111111111891. ,

8111811111, 19 898998
8111111111 11, 1118 81811111 1, 1817
1111111111111 1111111111
8111111111, 1178 Arcadio 1, 81
1111111111111, Arcadius 1, 18
Appositua 11, 1984 81111111,1197
Apri 1, 1818 11111111, 184
11118111.) 11111111. ι. 111. 1111 11111111. 11111
(11111111. 111. iv, 111. 111. 111111. 8111111111 ,
888. 981. 1988 8111111111, 1148
Apum 1, 888 8111111 1, 877
8111111 11, 1199 1111111,111.ν,111 Δ
8111181111.) 11778 11111811..) i, 811. 11, 1971. 11, 1998
1111111111. ..111 11111 Δ, 111. 1.,1, 11, 111
Aptum 1918 81111111 11, 187
811111 11, 881 8181111 11, 144
ᾸᾳΜ1,5681 111, ιω· inm-¹1⁴⁰ '2 &dent 11, 59²
14811888 ’ ο Ardenti 111, 888. 11198
Aqua 1981. 11881888 1111111111. 81111111111111. 1118
197. 111, 848 corpus 11181 eonjee· 8181181111ἰὶ1, 1977. 1784. 11818899.
111 11, 418 1111111189. 1, 1898 8111111111 11, 111
11111111 11, 881 8181111111, 1988
8111111188. 11881. 11811. v, 181. 8181111111 1, 898. 11, 819. 898. 994
891. 11, 899. 878. ΘΜ. 1919 8111111111 81111811, 1191
118411111111, 898. 111, 488. 11, 888. Ardor 1, 881. 989. 11, 111. 111, 181.
874 liquor 1, 484 1818807 111998 199. 478. 11, 1979. 1199. v, ²⁰⁵.
splendor 11, 111 (1111111111, 944. 888. 887. 899. 894. 1991. 1998·
semin· 11, 498 corpu 11, 884 Αὲ181ηζοῖ88ιὶ81718 .
Δξζέἶ1114111 ” m 'i'mm' ffiffi'ss'ffl 111
11111111, 11111111 11.... 1111 1111. 1, ’111 111. 111. 1., 1111.
8111111111,184. 11899 nemim 11, 1199. 11, 189
898. 819. 811 duramen 11, 819. 1188. Ardua 1889
1191 liquor 11, 899 11111811 (arefiat) 11, 981
Aqua i, 1989. ii, 189. 11, 1114 1111111111111
Aquilonis 1, 888 Ascuam 11178. 11718
Aquilonum 1, 741. 11, 189 Argenti 1, 1141. 1188. 11. 898
Audio 11, 899 8131111111,11.818.1,1188.11999
·· Argentum 1111. 11, 111
8111111 11, 489
8111111 11, 494
Argumenta i, 491

Iud. 811118.

 

