liv

11011110111111,810. 1080

Μο10181100800 111189060079111011 iv,
770. 1,1170. 111180. 1010

0101111000 11, 11. 111008

1101101111, 1000. 11, 1100

Mo· 11, 1070

Mau (0101.)111, 081

Motibus 11, 181. 080. 800. 111, 008. 001.
117 .017. 11, 017. 1000. 1,100.010.
011. 11, 0. 000088

Motu 1, 180. 101. 801. 001. 11, 01. 00.
m· ⁸⁰9· ¹⁰⁶⁴· iii, ⁸⁸⁵ iv, 2⁸· 1⁸⁹0
177. 1110008110. 010. 1, 100. 011.
000. 1000. 11, 117.170. 1011. 1118.
10110110 1, 111. 11, 1010

1100010001.) 11, 007. 111100. (ndj.)
111101 ·

110101(10811.1103.) 1, 080. 1000. 11,
111001. 001. 000. 070. 001. 1000.
111, 018. 070. 070. 1001. 11, 080.
(plur.) 1, 000. 010. 711. 810. 000.
10001070. 11, 80. 010. 011. 010.
001000. 107. 111. 011. 110. 710.
710. 700701. 881. 011. 017. 000.
1008 111,117.011.010.000.000.
⁵⁷⁸· ⁸⁶8· sn· 17, 00650 12⁶1· V,
⁴”0 mom· ⁴⁴⁶· 12¹⁸ 1111810811,
28 0111101οι110θο clun 0111001111
100 sensiferos 111, 180. 000

Motus 000100100101 1, 1000

Motu-que (plur.) iv, 000

1101110111, 700. 11, 100

1101010101 11, 118. 1,180

11010110 11,100

110100011181

1101001οι 11, 018. 1, 1100

novatur 1 100. 800. 11, 110. 111, 111.
11, 088 sensiferos 010101 111, 008

1101010 111, 070. 801. 11, 107. 700. 870.
v, 1171. 11001

1101011 1, 110. 110. 170. 111, 180017.
11, 011. 101. 100. 708. 770. 1007. 11,

11010111880

11010101 111110. 100110. 11, 880

11001000 hebeti 1, 1071

11001001 11101 111 11, 010

110010πί001 “ 11107

1100100010 1, 1001

Mu ’1011111111

11010001011,1080

1101000110, 111

1001000101 101011, 110

11010010 v, 1110

1111100111, 100 ·

110Ιὲ05010 11, 1000. v, 1000 genus 1,

Muliebri iv, lm

Muliebri· 11, 1100

11111111

1101100ήο01 11, 1010. 1,1107

Muliebris 11, 1000

Mulier 1.. 1011. 11101101. v, 011.
1010. 11, 701

1111110001ιὶ1, 1070

Malu uultuque (plur.) i. 001. 101

110110 potum 11, 001. 700. 11, 770.

1101001ςο10 multis modis 11, 008

1101101101 pm 11, 001

1101030011 figuris 11, 110

multimodi 100101 111, 800

110Ιο100011 1, 811. 801. 111001. 1000.
111, 1111087. 000. 11, 011. 1118.
1010. 1, 1881100. 11001

multiplexque 11, 100. 11, 008

1101111 artibus 1710

Μο1101101010010 mla

1101111111077

1111111111, 1001. 11, 181. 1101. 11,100.
V, 97· mo· 1881 1581 280· 200· ”2
111. 100. 170. 081100. 101. 100.
178. 107. 010. 010. 1100010001.

000. 000. 077. 708. 770. 778. 810.. ’

800. 81οι 011. 1001. 1011. 1010.
1100. 1110101100. 1000010011.
1100 1010011171. 1000. 11, 1011.
1110. 11110. 11011. 1,100.170.
1001010. 11100 sidera 1, 788· 11,
108. 11, 011

Μο011111, 000. 1111

Mundo 10, 1071. 1, 007. 008

Mundum 1, 00110

Μο110101,1107

Μο01000111,000

1100111111, 1010

1100111(11113.) 1700. 11007. 111, 811.
(01011117 1111111101 1111111011,

Μο011011011011, 008

1101111 00101111000

Murmur 11, 111

1101010111, 1000. 11, 081100 11111101
1701 1101111111, 1010 mimum 1,

1701010101, 70. 077. 10111. 11, 100.

110011, 1107. 11, 00

110111 (01011000. 11, 0

Mum 10010 11, 110

Museo lepore 1011. 11,0 1011101010.
11, 00

110101001110111001 11, 001

Musarum 1901

1101001,Μο

Μο1110111101010 11, 1177

11011101. 11000. 11, 1107. 1,1087

17011111Ιί1010 11, 081

11010000000111,110.1,1008

 

