xiv

cmm 711 m
011111 111, 1999
emim 99, m
011111 11. 4
01111111 1. 474
0111111911 11, 999
emtum 11, 99
cm 1, 1499
cuum 1, 944

4141191

0111111111, 119. 11,179, 11, 911. 199
0111111111, 999. 11, 999

0111111991

0111111919. ἢ919. 799. 797. 11,
,8991111111 11, 994994 1191111111,
cuo· 1, 919

01111 11, 194

cm. 1, 999. 949. 1979. 11, 174.

011111,994. 11,991.111,.99711,·1999 999.799.1997.111,.991949.499.

0111111111,979. 1,1

0111111111, 799. 111, 491. 1,1979.1449.
11,194

0111111111, 14494911, 91. 11, 997

011111119111, 1449

cummi, 991999

011111111111, 1999

01111191, 91

01191911111947

0111111791 ·

1111111919

1011111,1999

018111,994.1999.11,197.914

0111111111991. 1, 719799

011111111ω

mmmmm

011111,1994 ,

0111111111, 794

499. 4991911979. 999.991.11,
111111.111.111.1111.1111..,

1111111999. 11,911114111 1911999119. 949. 119. 999. 919.

779. 9991119. 1911 11, 91. 171.
999179714. 999

cmvi, 999 ’

0111111111, 919. 999. 11149994. 10⁸8.
11,171. 199. 11, 799

01111111ο1999

(1111111111 11979. 11119

canan, 114. iii‚m..iv,w.11u.
”me 71, 001 8⁹· τω

. 0111111141111111,9997

011ἑάἰοί 11, 994
(buit 1, 994. 111, MS· 1,791. 1194.

,1011111Ξ111111Ν11ω111111
ἶ Vl

011191111191, 499. 11,997.1999

01111,111.ν,ι111,11,111111(1οι11) 0911918111191. 111,999.991.1,941.

11. 741
0111111 iii. 999

- 791

cncidit 1, 4149. 1417

ονω(1ης.)191411,1999.1,999 01111111.111.ν,111111..1.111

(11111.)111111111111111,911
9111111191111199

0111111111, 499
01111111 9111111111, 911 1411111,

0111111111 vi. 1141

0111111. 11, 1111

0111111, 1999

01111111111,999

01111111,1999

0111(1’111.)11,999. 11,199(11111.,)1

1991. 1117111111191
01111111, 171

0111111971

011111, 914
01111111,1199 .
0114111,991.111,949
011111, 794
(9111111, 994 ,
01111111, 79
0111111111, 499
0111111197
01111111,1191

0111111111

. 0111111111, 141

0111111111
0111191111,994. 1991 ·
01111111 1, 1979
eade-mm

. Cedere 1, 979. 11,997.1,941

0191111999. 111, 977. 11, 1999. 11, 979

· 0004114911, ,ue 91, 070
· 01111111,1179.1914
·, 0111111,111. 11977

01111111 1. 991 .
011111 1, 1199
edebam 1. 1199
11111111, 111

. Celet 11, 191

011111119111998

0911111191.11,991

0111111111,999

011111 11, 191

011111 11, 199. 111, 999. 11, 177. 911.
911. 1,199. 11, 999.999.999 ratium
111199. 11.144. 777

011111111999

 

