118 1808874811.

1199916991 111, 889

1199191991 11, 1188

Remorum 11911 11, 441

1191119119 iit, 89

Remota (sing.) 11, 864. 871. 1,1481
(11191.)11, 888. 11, 818

11991919 11, 967

1199198911, 684

1191991919 111, 886. 11, 811. 1, 111887.
11, 868

1191119191 111, 486

1191119191 111, 896

1199111111 1, 861

1199111 copis i, 876. 768

119111119κί1 19119911, 888

1199189111, 87

1191191119 11, 1874

1191191991 11, 691

11999119111,884

Repursndis i, 648 ,

Repetam 1, 661. 881. iii, 878. 1,887

1191191111 1, 681. 1888. 1, 788

1191119991 1888

Repedsbet 11, 1878

1191199111 animulis iii, 189

Reperire 11919. 11, 919. 991. 1991.
11, 1119. 1, 848. 11, 681. tots

1191191111 1, 489. 11, 1848

119119111191 11, 488

119119111 (sing.) 1, 848. 488. 686111,
181. 884. 888. v, 80. 888. 1889.
lenunculus. (plur.) t, 111. 111.
111,488.11,868.1,18.888. 1444.11,7

Reperiam v, 1119

Ῑ1911911111,8

Repertutes doctrinarum itt, 1848

1191191199 1, 988. 1, 1118. 1848. 1878.

'¹2

Repertus 1, 887

Repetens 11911919191,419 communesne
11, 988

1191191911ῑί1 iii, 888

Repetunt i, 788. 11, 798

Rupit 11, 881 119891 11, 1118

1191119811 v, 988

11991991 11, 718

Replemt 11, 18781

119111911 11, 686

119111919 (sing.) 11886, 1, 41. (pin.) 11,

119111911119 11, 1189

1191119191 1, 896. 11, 878. 878. v, 818

Repletus 11, 868

1191119111 11, 846

11919911 1, 884

1191999991 111, 186

1191191911 11. 888

1191191119 11, 988

Reposcunt 11, 669 ’

111111

1191191111,88

119119119 111, 847

Reprehendete 111, 698. 871. 11, 488.
688. 11, 688

1191111111 pecudes ii, 818

1191919991 1, 1888. 1881

Repu 91 1, 894. 111, 884. 11,1881.1888

1191191911,189. 844

1191989919911, 688 ’

1191191919ῑὶ 11, 918

Repulsi 11, 678

Repulsu 11, 186

11919119191911191,888 1119119 1, 487
111999111,787

1191111111 111784

1191191911, 991. 11, 888. 11, 98. 988.

Requiescere 1, 1868

1191911991 11, 888

1191911111,1898

1191191191 111, 988

, 1191191111 11, 88. 888

1191111119 i, 848

1111911991 1, 841

Rerum ἰ, 1188. 11, 88. 888. 987
Rescindere 1191 11, 488 leges 1, 69
Resedit 1, 1484
119991111111111, 11

1199911191 1, 816. 1, 867
119911191911, 1889ζ 111, 899
11991ᾶί1 ii, 888. 1, 1148
Basilisci, 1846. 11, 884. 889
Resism 1, 808

1191911191 11, 88

1199911111 i, 68. 418

11949111 i, 889. 1864. 1, 771
Ι1919111111,896.Μ ·
1199911111 corpore 1, 879
119991919 iii, 676

1191911991 11, 961

1199911191 11, 1868
Respectsbunt 1, 818
Respectans 11, 1888
1191199191 1, 878

Respice 111, 986

Respicere 1, 1416

Respicis· 111, 867
Ι1911119199111, 1168
1191111911νὶ. 689

1199ρί1991 191111 11, 687
Respondemus 111, 988
Respondent 11, 188. 814
119911999ιὶ, 788

Respuet tigna 11, 197
11911991919199111, 888, v, 868
11911919 es 191199 11, 87
1191111111ἰί, 918. 111868
Respuitur 11, 889

1191119911 1, 111

 

