xxxii

rm 1114540 8090 m· „¹⁹0 v, unu
11001110. 1118111111

1111111 11, 001

1111111110)

111111 111, 1011

Facu! 111401. 11, 411

11111111, 111. 114

Facem 1,1140

11011111, 410

1111 1, 498

1111111111 111000

rubibus 1, 914

1101110100. 1, 1100

1110111, 1001

1111111011 11, 011

run-x 11, 011

ranem 100

11111 11, 180

huit 1, 111911. 11, 400 0101110.

- 1001100

rubum 111041

11111 111004. 11, 1111. 1,11.000.
411.101. 1111

rme 1, 110

hucque 111111

hul 111, 1048

11111111 11, 1100

1111 1, 00. 1, 10 Ammoni· 11 048

Faue· 111, 1000. 1, 1111

Ε101181111μο011 8901 V, lm

11111, 111

1111110111 1, 814

1111111 1, 010

1111101111 1018

1111 11, 104. 1, 110

faigm 11, 1100

11113111 11, 1111. 1, 1411

110111 11, 1100. 111400. 818

1111111111 1001

rati· 11101

1101111114ὄο v. 100

1111111111, 801

1111101111, 000. 11, 001. 111 111111 11

111110111110. 1111010. 11, 1010. 11,

111111111 11, 014. 11090

11110111, 000

1110111111

11101111, 48 ’

1111111, 000

1111111111, 101

11111101, 104

110111 11, 14

Febrim 11000

110111 11, 008

1101101141. 1, 1111

Fecunda 11, lm

1100 11, 1101

mnu

1111110111, 1111

1111111101

1111111111,οὔ

111111111,00111(111111,10.11 1111
110418 offan 11101 aeda 111101

'l

1111011111091

rem (11010) 114. 11, 141. 011. 111,
001. 1110

1111114110

111111111001Λο80. 1101 ned: 11
09101101. 11,410.1,000. Μ.
1000. 11 100. 1118 111111 1, 41
monum

1111111001

11111101

, 1111011011.) ff, 110

reri 01111111 11, 400

111111 1, 1411

Ferme 11100. 1141. 11, 10
Berones 11, 111

Fero· V, 1³¹⁹· lm

Ferox 1, 904 ’

, Ferratus 11000

Fam 11, 1041. 1001

renent 1, 1001

renem: 1, 1011

Ferreus 1110. v, 1101

reni (1111111. 11, 1000

11111311111111, 11

Ferrum 1, 01. 401. V, 1100. 11, 141.
101. 901. 008. 1010

1111111111 1, 011. 1, 1140. 111001

1111111111 11, 494

Perveni vapore i, 401

ferventibus 1, 1104

10111101 11, 800

1111111 1141. 11, 441

Panem 11, 801. 1101

rumen 111, 100. 11, 111

1111111111 111401

fervidus 11, 400. 1, 100. 1⁰08. 11, 110

1111111111, 110. 104. v. 010

Funere 11, 110. 000. 800. 1141

1111011111 11410

1111111011 ν, 110. 004. 010

nvo 11111 nascit 111410. 110. 1, w

11111(ρί11.) 1 108

renum corpus 11, 040

Pensm 11011 11, 1011

Festi· 011011 1, 1100

11111 111 4

rid· 111111 111 11, 1110

rude 111111111481. 484

ndei 111 1, 101

11111111 i, 41

fldem 1, 401. 11, 400. 000

ridere 1,1010

ude! 1, 1111 11, 001

 

