lxxiv - 11111

1181181818 111811 . Ι Regnum 11, 81

1181118818 1, 1888 ’ Regula 11, 818

1181111811 1, 888 1111(11811.)1,888. 11, 111. 888. 848.
1181181111 1, 888 111, 881. 11, 888. 11, 818
1188181111,ωο Rejeetnoing.) 11,888.814. (dumi,
1188111111 11, 118 108

1181111811 11, 188 “ (P .)' ‚

1181111881 ν, 008 Rejectant 11, 888

11818811 (sing.) 1, 888 1181181118 11, 118

1181811111, 481 11811811 v, 848. 11, 88

Referunt 11, 1818 11818111, 88

1818111118 118 111111,1808

1181818118 1, 488 11811111 1, 888

11818118 1, 888 1181111111 111811 11, 888

nil 1181811811. 881 11811111181181 11, 818
1181811ὶί1, 888. 8118 1181181111, 888. 1,800. 1418
1181811 11, 888 11811111 111, 818

Referunt 11, 888 , 118Ιί8111 111, 1881

aeternatur 1, 81. 11, 81 Religio 1,18. 81. 108. 11, 1814
1188811, 888. 888 Religion i, 64 11, 818. 1, 115
1188811 i. 881 Religionem 111, 81

1180111118111,888 118Ιί310181 11, 18. ν, 81. 1181
1188811 (plur.) 11, 411 Religionibus 1, 118 ,
11818111 iii, 811 1188110111 10111881. 111

&aqua 1, 18. 818. 111. 418 thui 11,

118111811 (plur.) 11, 148
1181111111, 880. 11, 1180. 11, 1018. 11,
888 1181181111101
118881111111,888 11111181881118111,818
1188811111 1, 118 11811111881888. 111, 818
normanie 11, 818 &linqui i, 441. 881. 11, 18. ν, 881
11888181 11, 887· Relinquit 1, 888111,18.181.888,1,1ω
118811811ιί1 11, 101 Relinquunt 1, 144. v, 1888
11811 111, 88 18111111, 814
1181138111188 1181111118 11, 881
1181111111 1,188 118Ιί811111 1, 1108
1181111111, 888 1181111111ἰὶ1, 888. 11, 888
1181111111, 181 , Reliquit 111, 1111. iv, 1111 r, 81
118111811 111, 881 Reliquo 111111
Regem 1, 88 Reliqua 1, 881
1188810811.) ii, 18., iii, 1010. 11, 1001. 1181111111, 8111. 11, 888
v, 11881881 118111881111, 1818
Regem 11, 1084. iii, 188. 1, 1181 Remanent i, 811
1181181111188 Remanent 11, 1188
11831111 1, 848 1181111111 111, 108
Regimen 111, 88 1181181111 11, 1884
1181111118111 Δ 11811811υωί1, 818
118318181881. 1018. 11, 881. 111, 808. 11811318111118
iv, 1111111111. 1181. v, 118. vi, 1881111118
188. 118 vini 11, 818 1881 11, 888. 118111118111111, 818
m in ,1811111111 1188118881, 11
1118ςί818 11, 818 118111, 888 qut 11, 1181111111 v, 880
888 Remittunt 11, 1188
’ 1181181811188 1181111111 11, 81
’ 1181181181 1, 88. 884. 111, 011. 11, 811. 1181111111 11, 188
Vl, 11918181 1621 ⁸⁹² 11θώ81ΰῦ111, ⁸1⁴· ,11 qu
1188111881 11811818 11, 181
1181111111, 818. 1, 1181 1181811118 iv. 184. 11888

Regnavit v, 888, 1181811111111,11.11,111
1181111 11, 88 1181181111 11, 884

 

