10 1001111011. iffi

0011011110 cohibent 11, 1010
ceper: 11, 110. v, 188. 418. 1104. Cohibete 1, 118. 11, 011. 111, 441. m.
144 11, 100
01000111 1, 18 0011101101 111, 444
0000101111, 184. 801. 1, 1018. 1101 cohibet 1, 111111. 11, 811
Capina 1, 111. 11, 611 0011101 1, 411. 411
eupit 11, 018. 111, 14. 11, 018. v, 411. 001111 11, 1148
1018. 11, 1118 coibunt ii, 840
0001111111, 111 00101011, 411
0010111101. vi, 111 001. 1, wo. 11111 01101. 111011.
cmpos 1110 ..1011111101
01001010 1, 410 001101 v, 481
00010001 111, 101 001111, 841. 861
0011100111, 611. 081. 11, 014 00110111, 188
01010 1,118. 1818. 1041. 11, 018 00110111, 110
0101001 11, 1001. 11, 481 001010111, 1181
00001,011.1011.11,000.1,110 0001111100
00800110 11, 848 colebatur 1, 1110
0010011101 i. 818 00100110 1, 1108
Cogunt 1, 481 Calentes 1,11
0000010111, 61111 0010101, 11401140
0081111401 001101 (0001.) 11, 800. 181
cog-t 11, 118. 11, 118 Colles (10001.) 1, 008. v, ’181
0001101111οΙ 00111 (genio) 11, 014
ωμωι.,111.1110 coni 1.,111. 111
cogebat v. 111 11, 1111 canibus 1., 111. 11111
cogens 1111 11111. 111. 101 011111... 1111
00000101 11, 118 colloquium 11, 801
0000011101 1, 808 0011010 11, 801. 'imao
Cogere 1, 610. 111, 108. 1, 1040 0010111888
00ςί 1, 1011 001010 11, 100. 11111
Cogit 1100. 011. 1000. 11, oeo. 11, 111. colorem 11, 881
mom-Tm· 1, ⁶⁶⁸· mollssss· 11, 0010108 11, ⁷⁹⁴
44. 118. m. m 101. 811. 888. 0010101 00010110 11, 814
0041181 00100101 11, 810. 1,110
cogitet 10181. 188 001011111118. 811. 11, 01. 1811
0001101 11, 111. 181. 111, 116. 11, 00101 11, 101
1011 0010101011
Cognito (11001111, 101. 1,1. 181 (plor.) 001001 11, 101
11,881.1081. 11, 840. v, 1018. 1184 00101010 111, 111
cognitos 1, 808. 1, 1188 columbarum 11800
cognovi· 11, 111 00100101 11, 411. 411
0030010011 11, 141 0011111011, 401
0031101001, 010 Columnis 11, 410
comme 1, 404. 601. 11, 141. 118. coma 11, 1111
840. 481. 811. 111, 118. 1081. 11, 11. 0010101001 11, 111
848111. v, 188. 880. 1081. 1184. 0001010111, 610
1181. 11, 111. 101. 418. 1212 0011111011 1,18
000001011011, 111 0010010010101 11, 111
Coponi, 111 Commemoranda 1,401
cognovimus 1, 1411 commemorato 11018
0001101111, 1411 Commemorat 1, 110
copti, 111 0010001181ωο1 1, 1010
Cogunt 1111. 41οι888. 111, 60. 1, 1088. 0010010οᾱ111 1, 810
11, 100. 481 commiscendo 11, 1108
01μο111111,10.11,110 . 0000110011 11, 1111
eoguntur 1, 1041. 11, 114 0010011011,104
0011110011, 011 . 0000110011 11, 111 .
1101110111, 86. 11, 1008 Commium 1, 1184

Daph. 01 1010101. 114. heret.

 

