ΙΝ 011-0111171011.

11111111 1, 1000
1111011107

1111111111 111800
1111111111 (11011.) 11, 1001
1 ung-tur 11, 1077
11131011,Μο
1111511111, 100
1111111111711

J ungere 111, 801. 1, 1018
Jungi 1, 100. 010
1111111111Θο
1113111111, 000. 11, 1007. 1072
Jungunt 11, 1101
Junguntux 11, 700
11111111,101

Jupiter 11, 000. 100

1111 1,1110.1110
1111101201108. 111, 070 011. 11,
111111 gliscunt 111, 170

11111 111, 01

sustam 111, 000

1111111 11, 1201
111101111,1080

1111111, 02. 1,1080
1111109111. 11,107. 11, 0. 11, 070
Jamque 1, 007. 11, 0

1111111 11, 1001

1111111 (1013.) 11, 000

11111111 1, 1078

1111111 1, 187

1111111111,οω

111111111121

11111 1, 010

1111111111, 001. 1000

1..

1101011111, 1101

Inbue i, 001

labascit i, 108

labatur v, 700

labefacta iii, 000
labefactant 11, 708
1101111111111, 107
labefactat 1, 000

labefactos 1, 000

labellis 11, 1070 -

labem 11, 1111

labendi 1, 000

labem 1, 000. 11, 000
labente· 1, 1000

11111111, 0. 1000. 11, 002. 1, 1010
11011111 11, 1078

1101 1, 000

11011111,117. 1, 170
110111111, 1110. 1, 710. 717
1101111111, 810. 11, 000

· xlv

1101111111, 177. 700. 11, 1000. 1,1100

Labore 1, 211. 11, 720. 1100. 1102. 111,
00. 100. 11, 000. 1111. v, 011. 807.
11, 1010 prestante 11, 12

laborem 1, 110. 11, 0. 111, 000101.
1010. 1. 1181. 1010. 1271. 1008

11001001 111, 006· no

1101111 (nom.) 11, 1101

1111111111, 00

1101111 111, 000

110111 11, 1187

labro 10, ὗωι '9 um

Lnbmmm 1, 000. 11, 10. 001

1101111 11, 1100

11111111, 101

lacerant iii, 1000. 11, 000

· ’ 1111111111

1111111111,Μο

11111111 (nom.) 111, 100

1111111111, 800

1111111111, 827

1111111111, 000

1111111111 11, 018. 001. 11, 000

1111111111, 001. 1000

1111111111 11, 100. 11, 010. 000. 700.
700. 707. 700

Lucrum· 11, 1170

1111111111 11, 100

henum 1, 02. 120. 111, 007. 1, 1100

lammis 1, 010. 11,070. 111170. 11,

1111110111. 1, 1167

1111111111 1, 000

bete 1, 202. 1, 012

1111111 humor 1, 000

111οἰ 1, 880. 11, 070. 1, 011 liquores
11, 08

11111111, 1000

1111111101,1000

heum 1, 110. 111, 1011. 11, 007. 001

111111111ιύ111 1,700

lacus (sing.) 11, 710. (plur.) 11, 010.
1, 70. 101. 1071. 11, 007

0111101111,οΜ

01011111,100 11, 000. 7007001070.
1,1010

1111111,11111,111 1,1100

13111111 111, 119. 100

01111111,Μο

11111(1111.)111,007. 11, 1000. 1, 1000
(plur.) 11, 1100. 1,1011. 11, 10 ρι-
buln 1, 11. 200. 11, 017. 001. 000.
871. 1100 1111111111, 010 1101111111,
001. 000. 000. 1, 010 11111111,
1100.1,1071

1111011111, 108

11101111 loca 11, 011

Luta 11011 1, 000

0111111110110

 

