xlviii

1181881, που V, 86

1111111111 111, uu?

Lucu 11, 1988. 19811010. 1889

Imbuat 11, 1888

Imm 11, 187

lm 1,1191 ’

lmus 1, 979

11111011 1, 1981. 1,181. 1187

111111(1111.)11,98. 11, 1009 (plur.)
1, 879. 11, 888. 1918. 1118118118 .

locatum iii, 899

lautum 111, 98. 98. 11, 708

Iactum 11, 818. 888. 11, 881. 1998.

1111111118

louet 11 unii, 917

1111111111 11, 1918

Locis 11, 1888. 1898

Iocus 11,799. 1889

Longi 1, 718

Longinquu 1111 11, 98

Iungitur 111, 878

1111111111, 799. v, 181

Longum 1111111 11, 818

Loquuuulu iv, 1188

1111111 1, 79. 881

Luqueln 1, 19

Loquens iv, 818

Loquenoes 11, 979

lorica 11, 081

1118111 111, 889

11111111 11, 789. 1919. ⁷, 998

11811111 111, 889

laudamur.) v, 918 1111111111, 88

Lucu bom 1,1891

1111111, 88. 117. 791. 799. 898. 1981.
111, 88. 11, 81. 888. 888. 818. 818.
8191119. 1, 18. 777. 11, 88. 818.
8781111

Luoe carentum 11, 89

Luam 11, 708. 11, 1188. 1, 891. 879..
878. 919

Ι.111111,899

1111111111ιί1,188

Iamdiu) 1, 889

1111111811...) 1, 987

11111111 11111111 1, 118. 11, 88. 111, 90.
11, 89 amin 1, 088. 11,8 11111111,
1918. 11, 1988 111111, 818 signu 1,

1111111111, 811

1111111111 11788

Indu (sing.) 111, 89. 1981. 1, 888. 891

Lucum, 1998. 1,79

hou 1, 878

1111111111, 1180

Luctibus 111, 917

laetu 111, 981. 11, 1818

luctumque 111. 198

11111111(

Luctus 11, 1810

Ludi 11, 1181

Ludibriu 11, 19

1181111111,1881

1118111111088. 11, 11

1111111(1111.) 11, 011

Ludit 1, 890. 11, 1991

Ludo 11, 888

Ludos 11, 791

Ludunt 11, 889. 881

111111 111, 1908

Lugebat 1, 1188

Iugero 111, 899

Lugubri 11, 889. 1, 877

Ι.11111111,1880

Lumen 111, 118. v, 897

1111111111 1, 888. 111881 solis 1, 5.
11, 988

Lumine ii, 811. 111, 1988 umus 11, 880
11111 1,189

11111111ῑί, 888. 1, 789. 11, 888

1111ιί111 11, 889. 111, 111. v, 888. 779.
lusu. 1111 uquidi ..111 omi, 11.
171. 180. 11, 811. 811 1111118117

1111 11, 898. 1, 881. 788. 180. 111.
788. 787. 1188. ulau. 1189

Lunaque 1, 818. 817

1111 1, 781

111111111189. 1,71.178. 1808 1111-
1111 1, 789 matus 1, 718

Lanu 1, 79119

Lunum 11, 1081. v, 119. 801918988-

Lunamque 11, 1981. 1,188

1111111 11, 888

Lustra 11111 1, 989

Lusum 1, 878. 998. 11, 888. 187

Lustrum 1, 1181

Luam 1, 89

11111111 11, 1180

Lutea 111111,78 ,

11111111

11111111 semim iv, 881

Lux iv, 188. 899. 881. 11890

Luxus (uiug.) 1, 19

Lycuni (plur.) v, 898

Lyuulimm 1111 1, M

18.

Mamm 111, 78

umet 111, 888
1111111101. 1118. 1, 97
Medum 111, 081

1111111, 888. 11, 1109
1111111111 111111 11, 898
Mutuus 11, 1819

1111111111, 11

 

