11 1111111

17, 107· ‘vomo-mro V, m· 8481 mmm 7, 18
878. 481. 481. 718. 78814881841. 11111118181111. 1874. 11141.
11181. 888 818. 11118. 4881188. 111188.
8111 11111111111111, 888 . 1884 ·
811111111111818 8111111111788
81111111811,1118 81111111118811111).11118188.
81111111, 888 887. 888. iv. 881. 818. 887. w·
1111111) 1111 w 11 1118111111...
88.. 8881841. 1718. 11888. 8111111117
1111 1111111111 111. 11111
81111111888. 111818. 704. 888. 11 Aliquem 11, 878. 111887. 11848. 11.
448. 1, 887 878
8811111111 1111111 1888 11111111,111.111.111.111.111 111,
811111111118118 418.1148.1187. vi, 718. 1184
81111 1, 117. 888. 878. 888. ii, 181. Aliquis 1888. 11, 888888. 111187
4881 11147.1888.1848. 1888. 8111111011488484. 888. 111884
8881874. 1888. ’1188888778 8111111111. 11484
1888 811111111788
Alibi 11, 1881 8111 (nom.) 11714. 11888. 11.
Alieni 11818 888
8111111111 1, 888 81111888. 111188. 1881
81111 1881. iii, 888. 1. 848. 1881. 8111111111818
1188 8111111111. 1888. 11818
Alidem 11 1188 Alium 1 1848
8111111888. 11718. 111, 874. 1847. 8111111, 888
3811888 1111111111888 rogorum 11, 81111111 1, 887. 17881877. 11,
1111111111 811181188178811.1188.1117.888.
8111111111 1, 878. 874. 1878 tenisi, 888. 811. 1888. 111114. 888.
878 1111118811881 1881111888 448. 8781888. 11888. 488.1888.
8111118 1188. 1448 v. 718. m. 784. 888. m. 1877.
Ali-0 1 1188 11888. 888 1111. Μ 888
8111111111 111188 8111111 11111. 881. 1118ω. 11887.
8111 111818. 1848. 11488. 884. 1148. 1188. 1811418. 1111811844
1848. 1888. 18411848. 11888 8111181111144. 1 488. 448. 111818
8111 1 848. 448. 788. 888. 888. ii, 178. 811118 111, 841. 848. 11 887. 881. m.
⁵oe· ωο- m· ⁶⁹⁴· m· 7111 8401 V, m· 8110181 uu
888. 888. 881. 888. 1888. 1874. 111, Allan 1418
884. 814. 878. 1881. 11, 477. 888. 8111111111888
ωτιωθιωωῖδὴιωι δὴ· 6841 8111181, ²· 111991
888. 718. 787. 1848. 1844. 1844. v, 81111811, 878. 1881. vi, 748
118.111.818.1018.ι8ω. vi, 184. Almus 11888 “
181. 488. 778. 888. m. 11181887. 81111 11814
1884.1844 8118111, 488. 1818. 81188
11111111. 111 ’ 11111111. ..1111
8111111 1818 811111 11, 888. 888
Aug (nnn.) 11, 881. 781. 788. 881. 8111111111188. 1481. 11488 ·
111888. iv. 888. 1 888. 1884. 8111111111188. 111888. 11788
1888.1888.1884.1484.(1111.)1488. 81111 111, 487. 1888. 71, 478. aa.
11 18481888. 11, 888. m 888888
8811111018Λῦ 11775. mm 1118111111111. 11111111.
111111111111111111111 1881118111ῗᾶ8ιά
8111 nique 1111 (nom.) 11, 778. 1 1178
481 8111111111 818817
11811111111111111 818 8111111878. 888. 1881888
stom 11111 11111111

 

