IN bucmwm.

11011110111111,008

01011101 1000001011, 1080

010110 11, 101

01011010 0111111111,Μο

Molles i, 711 ¹

010110100100011111. 1010

1001Ιί 11, 80. 800. 111, 110. 11, 088. v,
078. 810. 887. 1001. 11, 711

0101111 1, 008. 071700. 11, 000. 000.
11, 700. 701. 817. 07 8. v, 778. 1000

010111111οε 111, 000

Mollibus 0001111, 070

01011111 vapore 1, 1101

0101111111,ωο

0101111 (0010.) 1, 880. 11011

1110111111,ωο

Molossum v, 1008

10011011 1000111111, 110

0101111110 111, 180. 100. 11, 170

0101100111,1000

1000100111 1,018. 11, 011

monimentis 11100 1, 000

01001111 (nom.) 11, 001. v, 810

0100111111, 1100

01001011 v, 1110

0100111111111,00

0101111011,1001

010011111,1010

0101111111,1000

Μο111011,18.000. 008. 11, 111. 008.
4Μ10081 ⁴⁰⁰· 5191 V, ⁴²· ΞΜ· ⁹⁵⁸·
000. 11, 101. 1001 108. 180. 010.
700. 717

01011101 1011 11, 007

Montes nimborum 11, 108

Montesque 1, 870. 11, 117

0101110011. 081. 000. 1081. 11, 001. 11,
1181011. v, 011. 100. 888. 011.
1810. 11, 188. 181. 700. 780. 000
101111 11111 v, 000

01011111 11, 108100. 100. 000. 088. 001.

0100111110 1, 100

0100111110 generi 11, 007

montivagum genus 11, 1080

0101111, 888. 11, 000000

0101100111, 811

Morantur 11, 707

01011111, 1010. 11, 101. 800. 11, 018

0101111 (11101.) 11, 001

0101110111, 1007. 11, 800

Morbi (10.1.) 111, 111. 110 111. 101.
1080. 11, 000. 11, 007. 000. 000.
1111 0011111111, 1001

01010101(111ις.) vi, 000. 1000. 1100.
18881000

0111010111 1011110110

0101011111, 101. 000. 708. 800. v, 018
000. 11. 1088. 1178

0101001101. 11, 1000. 1170. 1010.
1800. 1808 delirantem, 1100 111-
1001110 11, 700 0111111101 11, 1118
1100011111, 1170

Morborum 11, 1000. 1100

Morbos 111, 11. 1, 881. 11, 771 101·
1111001111,101

Morbus 111, 000. 11, 70011181801.
1018 1011 1101101101 111, 170

More 1, 07. 11, 010. 11, 1807. 11, 107
1011101111,ωο

0101011011,00

10010111 1, 008

Mores 1, 000. 11, 001. 111, 010

01010101 vita 111, 101. 108

01011111, 088

0101111011οἰ (11101.) 111, 011

Μο111101100111, 1010

0101111011οο1 111, 800

moribundus 111, 100. 000

Moribus i, 807. 111, 710. v, 800. 807

010110011110 11, 1800

Μο11001 111, 000. 018

01011100 (11101.) 1, 81

0101110111 11, 1071

0101110101 111, 008

Μο111,078. 700, 11, 700. 1001. 111,
810. 010. 818. 870. 888. 078. 1101.
010. 1118101801. 1871 11ος
0111 1111 11, 700

Μο111001 1111011 1, 1081

Μο110 111, 000. 11, 1010

Μο1101100 111. 001. v, 1080. 1007

Μο110111, 1070

Mortale 1, 818. 1011. 111, 008. 800

0101111010 111, 181. 011. 018. 708. 001.

Mortales (1101111101) 1, 80. 07. 108. 11,
70. 171.080. 111, 000. 1, 1088. 1870.
11, 00. (101.) 111118. 1, 010

01011111 1, 808. 700. 11, 000. 11, 1177.
1. 0. 00. 180. 000. 008. 078

0101111111, 1001. 118081108. 111, 080.
770. 1. 810. 010. 780800. M·
1108. 1807. 11. 18

0101101001 1, 00. 11, 000. 017. 070.
10001107. 111, 10881001. v, 10.
01. 000. 810. 018. 1001. 1100. 1101.
11, 1. 10. 88. 001

010111Ιί1 1, 800. 111, 001. 810. 010

010110 1,110.110. 000. 111, 870. 888.
800. 808. 0010801000. 1100. 11,
1101. 10101000 0111111, 100. 11,

Mortem 1, 808. 111, 080. 070. 801. 008.
017. 88. 1088. 11111011. 11, 770

01011111, 1800. 1800

0101111101 11, 1000. 1118

0101011111, 1100

 

