111 nummum.

01010001001,180 001110111008
01101100 11184. 111. 111101. 11, nummisma
1110 0011110011 018
Alternis 1110. 100 1011. 1000 iii, 1011101100. 11111
⁴ ³⁷⁴0 ''annau-⁷0⁰· 110ωο Amittit 111, wo· 11ῃῦοὅ
1101001010 001110011οο0
1110101100 Ammonis 11848
Alterum 1, 081 . Amnem 11, 1010
0111101100 i, 011. 1011 010001110.1011. 1041181 .
011101 11410. 008 0100100111θο 1111. 11, 100010
011111181801. 11111. 111841. 11, 010011 1, 118. 411. 11, 411. 11111.
1014. ν, 141101. 114. 170. 401. 7111711

001011. 1111. 1101. 11 141. 404. 0100001118
110. 001 0111010001 11, 1018

mmmm 10... 111111 111, 1⁰⁰⁵. 11, 1011.
Ano 01, 101. 1100001010,οσ Auem 1, 11. 101. 1115. iv. 8⁶⁷·
111011011100 1047.1000.1017.1170. 1171.
010110 11, 71. 00. mmm 100
Alto· 11, 701. 11, 408. 711 Amoris 110. 11, 10011000. 1110. 1100.
011001 (mare) 111, 1041 ν, 1074 ·
01111ιο 11, 101. 11010. 1101111811 01001011 110
1010111180 Amph 0000101041

1001010 11, 114. 11411 0100100001 1, 100
01101 0001101111108 1110101 11, 410 0001000101 1 110. 11, 110
0111111108 Amplexi hubent 1, 1008
Aluntur 1, 810. 881. 11011. 11104 1001011110
,0110111141 1110 Amplexus 1,10
muel, 14 00101101 11, 1111

· 0001011100 1, 041 01001111,1111
11000111111001 00101101(0(11)1801. 111001. 11, 811
01000100111010. 1000 v. 1001 equo 111000
010010 11 404. 481 0000001111 111111
0100100101 ii, 818 0110101010 i. 810
0100111100 11, 1111 · 0010130001010
iuncinum 11071 Anci 1010001000 ii, 010 feno 11107
0111111 iii, 011. 11, 1111 1011170 1011010 11000 refuta-
00111101 11011 10111 014
010010111110. 11010 Ancus 1111018
001010011010. 11, 10. 010. 001 Androgyno 1, 817
0011101111]Ὶο 1011000011110. noo!
0101081001 11 010. 1070 01131111. 1117
0100000 1, 107 1081110111οε Ι
0100131101 iii, 1001 Angor (11001.)1ἰ1 100. 1000. 111100
01001300111110 01501001010 ,
0100100011,1110 0110111010οω11, 017. 1, 1101
0101110111 11 011 Anguisfii, 811 ,
0100111 111000 0001110111, 100. 001
Amen 11, 1004 008011111411
Am 1180 0030001111

Amatur 11, 1111 Angustia ii, 1110
0011011101141 Angustum iv, 011. 11110

Amicitia iii, 81 0011010(οο01.) 11, 871
0010111001, 1110 0111101001 11, 801

0101011101 11 1111 00110101 111 400
Amin· 1 1011. 1010 Anima 1111110. iii, 110. 181. 101.

Amisum ’111040 100. 417. 001. 004. 071. 000. 001.
01011111 iii, 710 011.100.107. 11, 11119181, 141.

01111110 i, 010 vi, 1104

 

