xxii

00117οη080 11, im· 1718081 10071 7,
888. 701. 1818. 1181

Converti 11,118

Conveniet 1788. 11, 818

Convertit 11, 811. 11, 818

Convertitur 11, 888. 1, 818

converrunt 1, 878

0001011110 11, 117

0001100010 111881. 11,188. 708. v,

convinci 1,1177

0011111001 11, 887

0011111010 1, 110

0011111111 1, 777

0001111 111, 881

00011111 11, 788. 1181

00010111 111, 811 ·

0001011001 11, 800

000001110111, 180

cooperer 111887

cooperuimus

000111 (ring.) 11, 808. 111, 881. 11, 178.
888. 808. 1,118.187. 11, 188888.
187. 181. 878. 811. 1088 (0101.) 11,
888. 11, 88. 080. 1, 808. 108. 788.
787. 888. 11, 1811. 1081. 1088

00011110 111, 18. 11, 888. 888

coeni· 11, 887

0001101888

000110 11, 871

coone- 1011111, 1108

00011010 (01111010.) 1, 1000

00011011, 118. 111181

00011 1 118. 078. 788. 878. 888. 888.
1008. 1017. 1088. 11, 887. 881. 888.
8881088. 111, 1018887110. 818.
11, 811. 800. 1, 880. 1008. 1887. 11,
810. 811. 888. 1888

0001111 111088

0000010 1,1101

001 111, 178. 11, 1088

0018111181881. 1, 788. 887

0018011ἥ8. 1, 88011081188. 11,

0070117μῦ11880111811 71,1·1

0011111 1, 788. 111117. 11, 118

0011111, 887.888

00110 11, 888

0010111011, 1881

00101001 11788

Cornicen 1, 1088

0010100111 11, ³oe

cornigeri 00111 111, 781

Commii. 818. 111011. 1, 1088

001000111888

Corone 1001111 11, 008

0010010 11, 1188

001001101, 110. 878. 11, 1. 11, 81

0010011 ii, 801

ἱ

, 111011

00101111 111, 880. 1, 11118Ι

0010011 ingentia 11, 1181

0010011 000111Ιὶ1 11, 88. 818
0010011 minute 11, 118

Corpora 11010111 11, 187

0010011 rernm 11 877

Corpore ἰ, 881. 888. 111, 788. 11, m
00001011, 808. 880. 111, 188

0010010110 1180. 188. 11181178. 11, ¹

8811811
ammei! 111, 117· 17,5οὓ
00100111 1, 801. 807
0010011, 888
0010010011 11, 188. 11. 188. 887. 11,
0011111000 11, 808. 118.
0011110101108
00110011 11,81. 11, 888
0011001011 111, 888. 1, 1881. 11881
0011000011, 1818
0011111001 11, 81
Corripere 111, 101. 11, 887. 11, 1188
0011101001 1, 888. 1, 1887
Corripuisse 1, 818
corripuit ir, 1108
Corruit 11, 881
0011010011 111, 111
0011010011 11, 1188
0000100101νί, 17
00110011 111 808
corruptus 11, 1801
Cortex 11, 18
001110011,881
0011010ῐο 1, 1⁰8⁴
001101 11, 881
comptum 11, 1188
0010101101 11, 880
001010111808
001010101, 888. 11888
001010011888
001110 1, 1888
001011101110111, 818
01110100 11701
01010111,187
0101101 1881
01011001111181
01011 111110
0101111 1, 888
010111111, 1180. 1187
creatrix 1, 080. 11, 1118. v, 1801
01001111 888. 111088
01081101 1011110 vi, 181
Crebris 1, 881. ii, 118. 11, 800. 1, 118
0108110111, 1181
Crebro 11, 880
Crebro 10111 11, 088. 1877
Crebro 10001111 11, 108
Credas 1, 818
Credere 1, 625. 1081

 

