lxxvi 1110011

11011001 111,Μο 11, 81 ludet 11, 550
1101100110 claustris 11, 450 11111100 11, 40
11001111001000 11001 iiim
11001011, 1004. 1, 008 mando v, 004
1100030001,101 lugunt 11, 010
110111ομ1 11, 1080 11130010· 11, 500
1100003011 11, 871Χ 1115001010, 000. 11, 1000
natiuit 111, 1007 1110010 00100111,Ἃο
0000000100 ” ·
8000ρί01 1, 08

1101000111, 00

1101001001 001001 11, 708

11010100 1, 008. 000

11010111500

1101100111, 1140

1101111οο11 1, 170

1101111001 11, 410

· 121111...- iii, 111 10ρο ii. 001
’“, 450 Risu 00000110 1, 018

Retinere 111, 110. 008. 11, 1050. 11, 018 11110011, 11001180. 1,1400
11011001 11, 407 111101, 400
100-10110, 1100 11110 11, 1058. v, 118. 001. 11, 1150
1101100110 v. 481 0000010011, 1⁰oe
1101100101 11, 1000 11001, 1071
110010001010,154 10110100 1,1000
1101110001 1, 078 nim-miv, 1055
110110 11, 011 cita 11, 548 mmm 11, 1084
Remum 1,1070 Robora 1, 818. 800. 01μο)1ν, 54 1011
11010111 1000 11, 440
1101011101 111, lou 1100010111,1000. 11, 841
Revereatur fulgorem 11, 50 11οο0101001 1, 080
Revertens 1, 015. 007 Robur 111, 1000 nummii. 1100
amali, 008. 757. 785. 11100. 000- Robusti· 111450 ,

11, 000. 440. v, 004 nobum 1. 001. 11, 1001
1101011111,1150 Rodunt 1. 057
navicu 1, 504 11030001110
11011010111011, 410 1100000111, 1081
Ruinam 11,400 1100100111, 41
11011001· (0103.) 1, 554 1100011000ιωὶ1,οΜ
11011011 111, 1000. 11, 1110 nd 11, 050 1100010100 111, 470

00010011, 080 11010011ου1 hunni· 11, 070
11071000117,894 ld hnc 1)ωδ Rom 108ωο 717· 11, ³1⁹· “l- ’,ιω
&vocum 111, 400 110100 alia 11, 440 1100010101, 771
1101000011, 050. 111, 008. 11, 001 1101110110 umbri· 11, 804
11010001 1, 007. 545 11010101, 170
Revoca 11, 048 11000001 1101100111,οπ
110100010011,1000 11010010001,074Ιιο1μο01,000
1101000101 v, 000 11010010 00101101 1,005
11010011 11, 100 Rota (0001.) 1, 400. 505
miv, 1100 nonunquam .
1110001001) 1,1000 Romi 1010100 00110011,οω
matun, 1004 Romu 01001 11, 550
11100011, 8. 11, 1118 Rota 111, 000- 1, 017
Ridenti lepore 11, 001 11010000 plur. 11, iquos: 000
&ww 11, 085. 01000 Rotunda plus. 11, 850

0000. 100. 000 Mundi: 0101. 111111. 100110

 

