11 1111111111. xxiii

0111111 11, 800 canen 111714 1111 1, 710
0111111111, 444. 11, 107 Cuncta 1, 000

Credunt 1, 780 0111111111 11, 707
0111111111 11, 071 0111111011 111, 101
cremant 1, 1040 0111111111 111, 07

cremarent i, 000 011111111111,111. 111, 11. 11,00. 114.
0111111111 11, 104 11,1010

Crepei ii, 1180 cunctatur ii, 100. 111, 408

Creperi belii 1, 1000 0111111111, 170

0111111111111 1, 010 0111111111, 1111

011ρί111111 11, 104 Cupidem ii, 000

011ρί111111,100 Cupide (1111.) 1, 17. 01. 11, 100. 11,
1110111111 11001101. 1, 800. 1110
crescentes 1,101 Cupidine iv, 1140

01111111 11,114 Cupido 111, 00. 1000. 11, 10001080.
0111111ἰί,881 1108. 1111. 1, 001

01111 11, 014 0111111111, 1018

01111 (sing.) 1, 01 (plur.) ii, 000 Cupidus 111, 0

011111 1, 00 0111111170

0111111 (subn.) iii, 181 Cupitum iii, 771. 1, 840

0111111111111 11,008 Cupiunt 111, 008

Crimine 111, 40 Cupedine 1, 1081. 11, 1081

0111111 11, 810. 1,1114 Cupedinis 1, 40

Cruci 11, 1188 Cum 1111111 111110111110. 11, 1001.
croco 11, 418 1, 1000. 11, 1141

Crudele· iii, 70 0111111111, 017

01111111111, 1010 Cure (dng.) 1, 080 (1111011, 47. 111,
0111111111 1, 1117. 1007. 1, 47

0111111, 008. 111, 787. 1, 111 Curulium ii, 804

011111 11, 840. 11, 1147 01111111, 181. 100. 11, 1000

01111111 11, 100 0111111 11, 01. 11, 800

emori· 1, 804 011111 111, 108
0111111,410.110.11,101 0111111111

01111 111, 040 Curatum 111, 00. 11, 11

0111111111,οπ Cum iii, 117. 400. 11, 000

0101111111 11, 18 Curet 11, 040. 11, 010

0111111111, 000 01111111, 1014

01011111 1111111,000 Cum 11, 1004

01011111, 000 eureus ii, 000. 011

Cubile 1, 814 Curis i, 40. 111, 818. 1004. v, 1400.
cubili· 1, 080. 1410 1410

0111111 1, 1041 Currat 11, 001
0111111111 11, 188 Cuneus 1, 080
01111111 modi 11, 118 Currenti 11, 00
0111111 111, 101 Currit iii, 1070
01111111 11, 000 Curru 11,(101. 1, 1008
Culpa 11, 181. 11, 011. 1,000. 1404 Currum 11, 40
011111, lue 11111 1,010 1111111 11, 1074 011111111040. 1, 1100 ¹
0111111,1170 0111111111,001
cunm 1, 1100 Cursorne 11, 78
0111111111,1441 011111,1000. 11, m. 111, 8. 1, 018.
Cium 11, 747 810. 888. 11, 07. 178. 101. 000. 100
0111111111 11, 111 Cursum v, 010. 001. 11, 144
Cumprimis 1, 111. 717. 11, 010848. 111, 0111110113.) 1, 800 (plut.) 11, 411.
000. 1, 111020. 11, m. 000. 010. 1, 77. 80. 410. 770
Cum primurn ii, 004. 11, 1011 01111111110118.) 1, 71 0
Cumque 11, 700. v, 111. 11, 1010 0111111, 1000
0111111811 11, 1018 Curium iii, 101
011111111κ1113.) i, 080 (plur.) 11, 100. guni (sing.) 1, 011. 11, 1011
017 1111111 111, 105

 

