111 [monrium. Ιὶ

uenam 11, 108. 110 1111111111,711.11,010. 1,187.1110.
11111111,100.181.200.1041.111,101. 11, 107

141. 111. 184. 140. 100. 100. 401. Minati 111400

ΜῚυῦωιῠιιιωσΜῚι ⁹⁸⁸· ¹⁰⁸¹· Mifllmm 1, um

iv. 1111. 771. 701. 800. 001. 1041. 11, munimen v, 1001

1111 ..1...1 111111 ...10111111 Minatur v, 1011

1101111111, 711 1111111111,801.017 ,
11 111111, 411 Minium ἰ. 010. iiim. 11, 1117
Menti 111,1107.1,117 1111111111,ωο -
111111111171 1111111111,811
1111111111 1, 701. 11, 708 Minimum fl, 110
Heme 1, 71. 014. 1011. 11, 181. 000. Minium (nom.) iv, 818

1070. 111, 11. 141. 100. 871. 11. 714. 1110111111 11, 1148

m. V» 421. 1201. 1114 1111111 1, ιω Ministro (nom.) 1, 208
11...1.ι.111,11.ι1ο.111.111.111.111 1110100111. 11.οι

lm. 11111111. 1111. .,11. 1111111111 110 v. 1111

1101. 1110 111111110111, 171

11.....ῑ,ι11.111.11,ι1.110. 1.,11. Minor 11. 1111
1001. 11, 70 1111101111, 710. 1, 100

1111111141. 1111810. 1.08. 11, 1110011111* '21190

181 8411101111 mirarier 11, 1028
1011011111,101111111,1010 Μίιιιιετιιιιιν, 411
1101112 11. 111111. 111, 111. 111111. Minui 1110· ii. ⁶⁷· v, 181180

820. 814. 1001. 1, 104. 1411 0110111110 ἱ, 1004
11αρ v, 1078 Μ110111111111111,140
1111110111, 141 1111111(Ρ111.)11,111. 111117. imo.
11111111 1, 4 111. 11, 1108
0111011111 1101 11110111(111)’.) 11811. inm!
11111111111174 11111011οω 11, 1110. 1, 708. 7101001.
8111111 1, 1008 1181. 1411. 11, 1180
Merum iv, 1111 minute (181.) 1, 880. 11, 101
Metalla 11, 811 111110οο111,144
1111111018.ωο 11101111 (11].) 1, 011. 810. 111180. 188.
0101010011.802 180.420.11,181.187.11,110
11211 1. 11. 11, 111. 111, 111. 111. 111110ιί. 111

818 . 1111111111, 71
1111111101 (plur.) 11, 11. 11, 18 minuuntur 11, 70
1011011111 vi. 1100 mn (1111.)11.117. 1, 08. 818004.

Metuit 111, 774. 1011 (plur.) 1, 1180. 1401
1410111111480 1111111111 11, 108. 404.1017.1014. 11,
01111111 11, 10. iii. 018. 11, 1181 117. Bw. 1, 801. 1011
0....(.1..ς.)11. 11. 111. 111. 1111. 1111111· ’1111111111

1. 74. 10801110. 11, 1110 1111111101 1111117117. 11, 1010
Metulum 1,1110 1111111111 11, 411. 404 “
11011111010. 114011. 111, 00. 11, mirando v, 1170. 11011

11. 104. 108 1811110011 11, 100. 810. 1, m
111. Χαρίτων 11, 1111 Minatur v. 84. 11, 18008010
11111111, 111 111111111014. 1014
1111118011 1,1104 mimia 11, 1018. 11, 200. 1, m
811111111100. 1,1008 14111111,10.1,1118
1111111111 1, 800 matur 11, 001
11111111 111, 717. 1, 828 Mire mobili· 11, 711
1111111111774 Miremur 11, 820
1411111, 410 Miris 1, 114
11111ιὶ11,114.11,411.1,007 111101, 1170. 11, 181111 ,
1111111211, 111 nimi, 111. 1111111 1.,111111.
1111111111, 10 v, 101. 1111111111. 11, 111. 111.
11111111, 177. 881 410. 488. 011. 1010 y
11111111 111, 017 0111011101811111111, 1180

 

