111 011011οΤ1001.

Manu (plur.) 11, 100

101111111100

Mam ’1, 111

01111111 generales 1. 001

unum metm 1, 1100

01111111 11, 1180

undat 11, 100

mente· 11, 011

0111111111, 118

01131111, 101. 080. 11,100. 100

011ρι w 11311111, 110. 11, 100

mimum 1,1110

Magistri: v, mo

Magna 0111110111) 11, 008

Magum 01111111 11, 000

ungu-nimum 1,101

Magna 111111 1, 018

Magno 11, 1011

Rapuit 11, 1000

01131111 11, 008

nugatum 11,οω

011ςηί 1, 110. 811. 11, 100. 080. 000.
iv, ω’· V, ⁵⁴⁶⁸ 70, uu

011311οω111οΝ

011810 111, 010

0111101 mo· 1, 810

lupun 11111 1, 011. 11, 010

usuam 1,1.1100

01ιρ11011 1, 0

0111111 1,1100

0110111 purte 1, 001

111. 00100408

Malam 1, 80

011111 (11011.) 1, 881

mle 11,1101

01111 01011 111, 808

0111111181 111, 1001

Halesum 111, 000

01111 111, 000

011111 11111111 11, 001 denium 011.
bun 1, 010

0111111 dmm ’11111111 111, 880.

Malorum 1, 008

01110111, 10. 11, 100

Humum 1, 81

00111111 1, 810

0011111111 11, 1101

mv, 1001. 11, 1111

0111110111 frigus 1, 000

Mundo 111, 100. 1,180

0111111111 11, 000

lin-nubas 11110 10010

0001100, 8801 'Aac 8001 71, ‘uo

0111111, 080. 11,οΜ

011111ρί1 111, 081

1111011111 11011111, 1011 -

0111. 11 Ver. 0111.

00110111 quieti 11, 818

Mundam 111111 11, 001

0111011181111111, 001

Mandatum 11111111. 080

0111111101 11, 000.Μο

0111110111 11, 1008. 1010

0111110111,1110. 101100

Manebit 111, 1101

0111111111 111, 1088

0111111 111, 801. 1, 000. 800

Manere 1, 080. 111. 1070. 11, 10. 810.
018. 111. 111· 101. 11, 000. 1, 18.
108. 71ἑ18. 110. 180. 018. 1100. 11,

0011110111 11101

00011θο1, ⁸6⁴· ⁴⁶⁸¹ 5601 00, ml· lm·
111, 08. 810. 100. 018. 811. 11, 080.
1010808. 11, 1108

01111οω Divis 111, 00

Μ111001 11111.)11,100

Manibus 11111.) 1, Μ. 000. 010. 11, 00.
11, 001. 818. 1, 010. 1001. 11, 100.
1100.1180.1008

0011101111111111 11, 001

0111101111 111, 010. 11, 1011

0111111111 (sing.) 1, 800. m. 11, 000.
111, 00800. 11, 108. 01801111.) 1,
80811880. 11, 001

Manifesta 111, 001

Mfflfffflum 0, ιω· li, “⁸0 uo·

0111111 131111111010

0111111 111, 100

01111111111011101 11, 111

0111111111111,1001

01111 1, 100. 11, 018. 110. 808. 1000.
11,800

Manu· (1113011, 800. 011. 111, 00. 000.
001. 11, 110. 001. (plur.) 1, 018. 11,
10101108. 1.1080

lituusque (plut.) 11, m. 1, 1000

0111111111,Μο

0111ω1ωφ11111,000

0011εὲὲο00. 11, 000. 1100. (001. 010.)
11,

0111111101,οΠ

01111111, 1001

0011111,1.111,801. 11, 110. 100008.

Utrique 111, 810. 1, 000. 11, 010

Mai· 1, 18. 01. 011. 1, 00. 001. 010.
11100010

0111101111, 1101

11111111 11100. 1, 1018

0111111111, 000

m 0017761 Imaum· 0014881 V,
100. 11. 110. 010. 000

0010111011 11, 101

nuth-iditum ,

1101111111. G

 

