ΙΝ uucussuluu.

111, 187. 108. 808. 1, 480

Ruunt 11, 881 11111 11111111, 1008

1111111118 11, 010

1110111111,Μο

1811111111,488

1111111111 11,1144

1111111111 il. 80

11101111, 1044

1110111 11, 1104

11101111808

1110111111400

1111011111111111, 1884

111111 11, 400. 881. 1, 808. 814

11111111111,07

Ruina 111, 088. 11, 040. 11, 100. 000

Ruina 1, 741. 1100. 1,848. 1888. 11,
maol putres 11, 1114

11111111 11, 848. 800

1111101111.) i, 800. (act.) 11111 1, 878
1111111 11, 780

11111111 1110111 11, 884

Rumpere vi, 481 vincula 111, 84

Rumpi 11111111 11, 887

Rumpunt pectora iii, 808

111ρειξ11111.ξ 1, 808. 11, 080

Rupu sing. 1, 800

8111111111 1. 1847

Rursum 11, 811. 11, 47

111111111111, 78

Ruunt 1111108111, 808

811111111011111111 11, 1088
81111 11. 000. 1108
sm (11111) v, 1111. 1111
8111111111 11111 1, 07. 11, 010
Sapo 11, 84
Son (sing.) 11, 487. (111181, 880. m
81111 111, 808. 1000. 1,1888
8111(1111.) 1, 478. 11, 1010. (plur.) 1,
1818. 1880
8111111 11, 1108
81111011 1, 1001
sni. (ΜΝ.) V. m· ⁰⁸⁵0 ¹0¹⁰
811111 euntibus 1, 1074 pontu· i, 877
ΜΝ 881, m· V, ¹⁸08
sagacem 11111111 11, 880. 11, 010
811111 1101111181. 800 111111 1, 408
Mb 8, ¹⁰²1· '1⁴2¹
Sagitta iv, 410
’1111 11, 1871
11, 1100 ,
sue 11110 1, m
81Ιί111 11, 881
&lienum 11, um
81111111 i, 188

lxxvii

81111 rorem (uquam 111111)11, 440

81111111,048

811111111,1101

sals· (flur.) 11, 1187

811111 111111111188 laum 181044
undas 11, 801. 804

81111 11111111 11, 888. 11, 088

811111 lacrumis Ι, 010 lacunis 1, 708

81111111408. 1, 180. 4881078. 11, ·

478. 084
811111 1, 488

8111111111 11, 078

8111111111 111, 11

81111111, 188. 1, 000. 1817

81111111,1800

81111111, 800. 1, 1880

811111 (uum.) 111, 000

8111111101

811111111111,810

8111111 11, 880. 1, 1814

8111111111870 1111111111, 180 1111111111
11,184

Μῇηώω

sunus 111, 888. 840. 888 numm 11, 808

81111111ηοί1 ferm 11, 1048

811111 111, 800

81111111 1, 888

811111(1113.) 111, 878. 1, 081. (1111.)
1,1014. 11, 484. 1008. 1, 70. 11, 80.
4101870

8111011148

81111111 (1111.) 1, 780. 1, 118

snm 1, 80. 11, 70

ωιτη· iv, lm· lm· V, ¹⁸⁴·
1188. 18001888. 1887. 1480. 11,
000.1148.1888
’1111 1, 888. 888. 111, 48. 1, 001.

,1808 0111111804

81111111, 188. 11, 104. 111, 840. 11,
1048. 1008. 11, 1801

81111111, 088080

8111111111ἰί1, 788

8111110111701

81111111161011.) 1, 10

8111110011 11087

8111111111 11, 8. 111, 08

81111 111, 140

8111111111,1188

8111111078888. 111808 1111 11, 480. x

&gozam 11401. 11, 81. 780 uellit
11,

8111111111, 880

81ρο11111,480. 808

811111111810

 

