xxx

10111 0010111111,οω
00100111, 000. 11, 080. v, 100
00111111 1, 884
Equus i, 410. 11, 400. 1, 880. 1010
310010 (plur.) 1,1000
010011 (ring.) i, 010
Erigere ιν, 400. 1, 1001
Erigit 1,1004
01101011, 1100
01101111 111, 08
’zm iv, 1100
Errxbundur 11, 000

· 011011 111, 001. 11,100

&mrem i, 111

'Emm 18, low· 71, 66
0111101, 810. 11, 10. 111, 100
01111 11, 100

011111011Ιο

Errat 111, 404. 010

Error 1. 1001. 11, 101

011010 111, 1000

0110101011, 800 “
Erroribus iv, 001. 1010 ·
01101111 111, 1000
0111111100

irrumpam. 400 ,
aarum i, 100. 1, 001. 000. 11, 000.
0111101111 11, 000

0111011 11, 1100
01101011100

01111000

0111 11, 010

01011111 1, 100

010111 1,141. 11, 1101100
0101010011 11, 001. 1, 000. 001
0111011111, 000

01011010 111, 008

010111111, 011

. 1101101110100100
01011111 1. 411

01011010 111, 84. 1,104
01111 0111 1,140
0111011000. 11, 008
01011111, 010

0101111101 1, 000
0101101111140

01011111, 100

Ex 01101, 801

Ex 10 11, 041. 048

Ex 10 01101011, 010
-011011010 111, 108

Ex 1101110 temporo 11, 014. 1, 180. 011.
01 1101110 nro ii, 1111111, 040. 1, 000
0111011100 ii, 1000 ·
01011110 11101111, 110

Fa 1111111 01011110, 011

Ex ordine-porum r, 410

rii-nux

Ex 1101110111 11, 1010
0111101 1, 80. 1, 001
01111111 1, 1000
1111111110, 1100. 11, 810
Euagina (ring.) 11, 080
Examina 1, 1000

0111μί 111, 000

01110111 111, 101
0101111110 11, 010
Exrnirnxtque 11, 1100
0111111111 (plur.) 11, -1004
1111011111 (surg.) 11, 1011. (plur.) 11,
01111111 (nom.) 1, 110. 111110
liminium 11, 1110
01110111 11, 000
0111011ίο, 110

01103011 1, 010

0100110111 1, 00

01010111 1, 041

0101110111 111, 010

Excreat 11, 41

0101011111 11, 41

Excipere 1, 001
010101111,800. 11010
01011111, 000. 1000
0111111 vi, 111

0101101111, 008

01010111 (plur.) 1, 800
0101111111, 1110

011100111111, 1100
0101111010 11, 100
Excurrit 11, 080

01000111 1,1000
Exempli ii, 040
Exemplum 11, 100
Ero-pium 1, 180
01011011(ιί13.) 1, 010
0101101111, 1000. 111, 000
Εἰθωρω i, ⁷⁴⁸· 'ip m
0101101111, 1100
01010011 1, 1400
0101011111, 00. 110. 11, 000. 1101
01010111, 001. 11, 000
01001111, 1000

01101111 1,104
0111111101 11, Sffl
01101110 111, 400
0110111111, 011. 1, 004
0100101111, 811

Exhausit 11, 1108

Exibunt 1, 1000. 11, 1010
Exierat ri, 1004

Exierunt 11, 110

Erigat 11, 1000

Exilium 11, 000

01111111, 100

 

