111 4444471411.

1141411141 1,114

Deniuuuut 1, 2⁶0. 114
1144111111, 444 44 uelo 11, 1141
Denta (sing.) 11, 414. 411
neutum 1, 411

nemim 11, 411

nem 11, 114. 444
11411111 11, 414

1144114414 1, 471

Demittunt 1, 474

uma 111, ”²⁸ ἢθη
Democritum 111, 1441
Dempta, 1111
Duuphque 11, 744

11441119 111. 441

1141114444 11, 481

Dum} 1, 441

Dent 1114141 1, 811. 11, 741. 1448

1144111441· 11, 187

1141111111, 411

Denta 111, 441. 1,471.1417. 1444. 11,
1471. 1,1184. 11444

1141114111 1, 841. 11, 1141. v. 744. m.
14441114

Dentis 1, 1114

Daunum iv, 411

1144141111, 77. 11, 41

11441 11, 174. 1, 41. 11, 47. 744

1141111141 1411111441 11, 1484

114414411441111411 111, 11

1149411414 11, 114. 111, 111

Dependet 11, 414

1144414414 111, 414

1144411111,1144

Depteanue (plur.) 1, 1114

1144411414 111, 1471

Deponunt 1, 141

1144141111 4411111 11, 418

’ 'culum 11, 774
naimo 1114 11, 144
Descendunt 11, 414
1141444411 11, 441. 417
nuum 1, 144
1141414141411 11, 1184
11414111 111, 114. 114. 111
11414111(4141.)1,114. 11, 1141. 11, 414.
1, 1144

aaut. 11 Ver. 4111.

neunt (plur.) 1, 1474

Desertus 11, 1144

Desertum 1, 1141

Desiderio juvenci 11, 444

1141144444 111, 414. 911. 414

1144414414 1, 44

114114141411, 1114

11414144τί1, 444

Desine 11, 1414

1144444111, 841. 1,144. 1441

11411ρί41141(1111)11.) 111, 444

1141141114, 484

11411141111,181

114111 111, 144. 11, 814

Despectum 11, 418

Despexere 11, 741

1141ρί4114 11, o. 11, 414 ¹

1141ρί414444- 11, 448

114114(444114) 1, 44

Destinet 1,444 ⁶

1111414114111, 471

Destitit 1, 814. 11, 444 ·

1141111114 11, 144. 111, 411

1141413441, 741

nemim 11, 1171

114144414111,447

Demittunt, 441

1141114111 111844

nemeto 111114. 441. 44711

1144141414 111114

1)4114111111,444

1141141414 111, 411

1141111111 11, 414

1144414141 11414

1141111111,484

1114141114114

1141144414 sotem 1,418

Detrudit 111, 441. 11, 414

11414111 1,114. 1, 441711441. 11, 414

114141441111, 441

1141441111111 11, 1111

1141411441 1, 1417

1141141411,141

Devicta 41141111 1, 441

114114141114

114114441411114 11, 1411

1141111111 somnus 11, 444

11411144 letum 111, 1441

1144141, 4444. 11, 1441411441. 1,
114148. 144. 141.144. 1144. 1144.
1187.1144.1144. 1144. 74. 74.
4144141174

114414 mter 11, 448 1111141411,448

1141414111141111411,144

1144111,4.14

114114111141. 141

11411411 (subet.) 11,141.114. (141
Ρ1411)11,1871 1111141 ⁴⁸²

1141414441,1147

114. lucret. D

 

