t'vffi

1110001,οἏ

11011111, 000

110100011,014. 1108. 11, 1000. v. 010
0110011118

cd 1100110 uenti· 0011000110, 140

Numeri· 1. 1408

Numero (0010.) 1, 400. 000. 1100. m.
181.1048. 11410 Phrygio 11, 000
1000100011 11, 1080 1110001010 11, 1000.

1100110011407. 0000. 1, 1400 10-
numerabilem 11, 484

in Numerum 11, 001. 000. 11, 770. 780

1101010111, 404. 11,1000. 1, 1100. 11,

Numine 1, 100. 11, 100. 000. 000. 000.
1, 100. 11, 00. m 0110110 11, 180

Nunc· (cing.) 11, 708 (plur.) 11, 70

Nutricis 1, 001

Nutu iii, 407. 11, 1110. v. 1180

Nympharum 1101011 1, 047

Nymphaque 11,084

11100011 11,1170

O.

O! 10110111 11, 14

obtumescunt, 044

00000111, 008

obducere tenebris 1, 770

0011001111,100·1

00011 1, 000. 048 ’

0001011 11, 70

0001111 1, 00. 00

001111, 181

001011101οΜ10 11, 1014 1100010 11,440

obtuit iv, 400

0010011 (1100.)1,008. (0101011, 1000

Objectum 0111001 11, 840

0011110111 1, 704

Obice iii, 1008. 11, 000. 000. v, 017.
774. 11, 1040

00110 101 11, 400

0011111,1410

0011111, 10001080

00111 1001101, 100. 11, 708

0011001 111, 800. 000

001101 10111 1, 707 110001111οΔ

001110 ictu 11, 000

Oblatum ictum ii, 000 ,

1)οΙ10111011, 000

0011001 1001 11, 700

obliqua 100111 11, 047

0011000 lumine 1, 000

Obliquus 100101 11040

Oblita (flur.) 11, 740

001111 (p 01.) 111, 80

01111011. 111. imo. 1., 110. vt, 1111

00011111 11, 400

00111111 11008

000111111, 000

obortu iv, 010

0001101 (adj.) 11, 080

0010110101 iti. 080

001011 111, 770

00101110ιο1Ιὶοω 11, 000

Obruit 1, 410 mmo. 11, 800
Obrutus 010110 11, 004

obscenum 1, 1000

0010011 (cing.) i, 000. (plur.) 1, 107

. 0810111011οψ011,040

Obscurum 11,400

00110010 11, 1080

obsedent 11, 040

0011011 11, 000

obsignans 11, 071

0011001100 11, 081

Obflifloem i, uo· ,71 m· ³³⁰ coum 11

001111 (plut.) 1,1077

obstantque 11, 780

00111101, 008. 070. 11, 080

0011111000. 111,Ξο

obsta 11, tut

011111 1, 180. 1100108

0011101 11, 010

obstruere 00ρο1 1, 700

0010011,170

obterit v, 1000

0111011101 pedibus 1, 80

obtineat iii, 1000

0010100111,Μο

0011110111 1, 008

011010ῐὶ1. 1011

0010110110 10101 1, 1054

0010001 11, 008

obtunditur 101 11, 017

001011101ου111, 807

Ohtcrgeccit peu 11, 008

0010111 viribus 111,ϋο

0010101 angulus 11, 000

0010111 (cing.) 11, 800

Obversantur 11, mc. 1000

0011100101 11, 107

00110 (cing.) i. 100. (plur.) 1100. 111,
080. 11, 07. 000. 701. ,1000. 11008

Obvius iii, 1004. iv, 1140. 11400

0001011 (nent.) 11, 174. 10, 000

Occiderant (0001.) 111, 1041

Occidet (0001.) i. 000 .

’ 01011(...1)0,110.0111.1101

0001111 1, 1100
00101111(1101.)11,081

Occulta (10013), 140

0100111110 11, ’

0000111 (cdv.) i, 010

occultis 1, 400 ” .
0000011 ’11, 1044 mutem 11, 1010
Occupet 1, 001

 

