11 1111111111. xliii

1111111111. 081 1111111111 111080
Iniqua 1, 11. 181 Ι11111111111,080. 111071. 11801. 900.
luite 1111111111, 81 111111111111, 111. 170. 1019
luit 1, 009. 11, 110 11111111111111, 719. 718
1111111 11, 710 lusiam 11 1, 117
1111111101. ii. 111. iii, 111 1111111111, 111. 11, 111. 111
11111111, 1101 lumenque 11810
1111111111, 170 111111 (abug.) 1, 181. 019. 1010. (plur.)
1011111 11, 787 v, 010. 1091
laudant 11, 1000 1111111111 origo 1, 1000
1111111111 11, 1118 Ῑ111111 1, 000
1111111111 111, 1 1111111111 11888
1111111 corporis 11, 1108 111μί1111 11, 1101
laque-umam 11, 1100 1111111111 11, 1070
1111111111,701.1,117 1111111111 1111111011
Ι11111(1118.)11,080 1110110111107
1111111111101 1111111111 11, 818
111111111111111111111 11, 191. 11187 haimim 1, 10
Inmutabilem 11181 11111111 fronde v, 985
baumer-bilibus 1, 081 Instruct- 11, 0. 11, 110
11111110101111, 170 11111111 11, 878
1111111111111, 1080 1111111111 11, 1170
Innumero 11, 1001. 111, 780 1111111718. 11, 101
1111111111 11, 819 Ῑ1111111111111111, 1010
Inopi 11, 1110 1111111ιί11, 011
Inque-pediti 111, 181 hunnile 1, 188
1111111011111, 000 Iunctum 111, 811. 1100
1181811111. 1111111111
“ “ Integra 111700. 11117
1111111111 11, 1110
1111111111 1, 1011
1111111111110
113101 fonte· 1, Ι910. 110
· 111 11111111111111ΜΘ
1111οώ11111 111, 910. 11978 Intempesta nocte 1, 981
111111011111111, uu Intempestivin 11871. 11, 1100
1111111Ιί011 11, 800. 800. 887 111111 1111111018
Imquiwr 111, 171. 101. 11, 111. 801. luten 111, 901. 1, 011
11181 1111110111 1, 180
1111111 11, 111 1111111111. 11, 108
1111111011.) 11, 010 1111111111 11, 1101
1111111111, 011 111111, 1178
11111111 111, 011 111111111, 118. 181
11110111, 1110 1111111111 11, 071
1115111111 ’ lundam: 1.,111
lui ’011 luigni! 111, 1011 [1111011111111
Inn'ffi¹ 1, 1101 1111111800
111111110111,111 1111111111, 709
111111111111 1,10 Intereat 1, 110. 111, 110
1111111111 11, 778 111111111111.78
1111111111, 1111. 11111 lateran 111881
1111111111. mm luterfioeremw
1111111111 111, 711 111101110111, 118. 11, 008
1111111111 111, 181. 1, 71. 11, 88. 181 111111101111 11, 710
1111111111, 110 1111111111 1111111, 111
Iminumin 111. ,1151 11111111111811 11111
1110111111111 lutetiae 11. 010

 

