nh

Cymen 11, 884
8181118181.) 11, 188. 888
(1181111111, 7. 11, 848
cymatii, 888

(1111111111 11, 818

D.

1118111111 11. 1148. 1847

Βὼῑ V, m· low

11188111 11, 1144

11811111 181111 i. 7. 888 lingua 11, 888.

11111111 1, 888 8111111111 11, 884 sign·
,ρ Ηω
1111181181 11, 1888
nmen iv, 1178
1111118111 1, 87
Dandum 81111, 1188
1188111811, 888. 1, 788
118 81818 11, 1184
118 881118811,8118
1181 1, 887. 87 “
1188811111ἰί, 481
Debent 1, 888. 1, 847
1118811888. 11, 1148
Dehine 11, 848. 1, 888
11881111111 11, 1148
1188881811,881
1188888181, 881
1188881111, 1888
1188111111, 84. 71
Dm h 1. ⁰⁴⁰¹ 1,, ιθ
11881111 11, 488
1118111818 1, 884
118818818811, 184
11881811 111, 818
1188111111 11, 818. 478
1188111111, 888. 1, 888. 888. 11, 487
Dedimus ii, 888
1188Ιί11188 11, 888
1188Ιί11118 11, 881. 888
necor· 11, 888
1118818111, 881
Decor? Ιί, 848
8888111...111
1188181811 1, 818
1188111111 111, 818
118881181811, 1189. 1, 1888
1188811811 11, 878. 11, 788
11881111οῆ1, 1888
Daunum 11, 881
1188111111(1111.)1,884. 1, 884. 11, 888
8111111114
1181181111 11, 48. 878
1181118111, 888. 488. 111, 888
υὼῆωωπωπω1

mnnx

11881111 111, mo

1188111111, 818 ’

1188118818 1, 871. 11111. timu

1181181111, 178. 11, 488

1188888883.) 1, 87 (plut.) 11, 888

1188811181 111, 878

11881181, 1184

1181811111, 1888

Defectus 1, 788

1181888818 11, 841. 1,1488

1181811111, 1184

1181811 1, 888

11818111 (sing.) 1, 888 (plur.) 11, 1178.
11, 1178

11818111 (plur.) v, 1188

1181811111 11, 1188

nofe-um 1, 1144

Deflecte 111, 888

1188818111 11, 1881

1188811111, 848. 887. 1, 878

1188811111 1, 888. 11, 888

Metumque 111, 488

1188111, 1148. 111, 881

1188811881 111, 888

11888818 111, 817

1187811818 1, 888. 1888

1181118111 11, 888

Degere 111, 888. 888. 11, 888. 1878. 1,
1181. 1188

vegetet 1,178

1183111111, 18. 11, 1118

1183811 11, 18118

1181818118, 188

118 18111, 1184

118181 11, 887

1181111 11, 881

1181118111 111, 188

11818811 (plur.) 1, 87

11818111 1, 748

1111111111. 84

1181111111 11, 88

1181188111, 881

118Ιί111118 111, 1181

Delicias 11, 88. 1,1448

118118111 11, 1148

111Ιί11 11, 884. 111, 488

Delfis-antes 1, 1188

Delirat 111, 484

1181111111 1, 888

Delphin 11, 188

1181881111888. 1.888. 1188. 1888. 11,
74. 4181878

11111181 11, 81

Dementia 1, 788

1181181181ἰί1, 488

11881811101181.) 11, 448

Demenimus 11, 118

1181181111, 881

1111111111 111, 1188

 

