1111 1111111

1.ι...1.111.11.11.11.111.111.111.111.111111.1111.1111.1., J

0100111000. 000. 000. 710107 ,070 1101. 1100. 1100. 1,1100. j
701 1001.11,1001111111,00.111. 000.

Α111111111111,000.000.010.000 ’1, 1110

01111111 11111111, 000 0110111111111, 0111111111 1, 70. &mm-m. 1, 1

000 111111111111000 00. 100 1000. 11, 001
0111111 1111111, 007 1101111111, 1000. 111, 110. 001. 1001
01111111, 110. 111, 101. 1111111011. 01111111,000.11,000.111,00.11,700.
005. 010. 001. ’000. 000. ⁴0⁰. 001. 0111. 1, 00. lm 1001 mai,
000. 008. 000. 010. 000. 808. 600. 010

070. 710. 001. 000. 11, 700. 000. 0111111111 ι,111.111.007.1.000110. ’

1110000000. 001. 1008. 11000. 000880.111,00.010.000.000.000.
0001000 071.010.11,.1 00. m 101. 010.
11111111,111111,111 000
0111111111 1,100 Λ1111111111111111111,101.111,00.000
Animula 10000 Animum 11111111 11,800
0111111111,700.1000.11,000. 717. 01111111 1011111111, 1000
·.000 000. 010. 070. 1100. 11, 110. Δ1111111111111111111ι1 111, 107 m
000. 1, 701. 700. 000. 010. 1000 01111111111111111111100
1111111011 100 0111111110, 010. vm
11111111101111,000.010.011.1010.11, 0111111111,1000. 10100. 170100.
800 010. 001. 001. 000. 000. 000. 000.
01111111 111, 110. 107.117.’110.100. 100. 100. 101. 11, 070100. 000. ι
100. 017. 000. 000. 008. 000. 000. 010. 080. 1, 001. 1001 ι
111.111.110101.011.000.111.Δυ1111111101,111.010
700.000.11,00).11,700.111. 0111111111οΉ
100011111 111, 000 11011 111, 1000 Anum· 11, 010. 1000
0111111111, 710. 1,001 Δ1111111111,1007 ι
0111111111ὶί, 001. 000. 111000 01111100100. 1, 001. 070. 700. ,
0111111111 1,000.001.11,1010.111,1000.11,000.010.710
100. 11, 000. 1, 10. 01 0111110111, 000
Δ11111111111111,000. 111,010.11,ω1.1111111,010. 111, 0001007. 1,001

11, 770000 0111111111, 170. 111, 1010. 1, 1000. ¹

hiim& 11, 0011 γ11, w· m· 111 1831
007 0111.1,1010.1,01111
Autumnum 1, 0. 10. 100. 001. 1000. 1111111 1, 010. 001
· 11.17.010. 010. 000. 1000. 1010. 111, 01111111, 010. 11, 1000. 1010
001. 700. 1, 000. 800. 011 0111111001

1111111111,111.111.111 11111111111111111. 1111. 1, ’

Anium (nom.) iii, 010. 000000. Μ. 000 1111111, 000 11111111 111,Νο
6811 'no'oeo'mt 11, ⁴1· 1111081 Antaeum 111, 61,
000 01111111 1, 000
0111111 1111111111 1,1000 01111111 111, 000. v, 170
0111111111 1,100 Antehac 1, 000. 1, 000
0111111, 11. 10. 100. 107. 007. 000. 0111111111, 100
1100010001. 11111111. Α111111111,000
01. 101. 110. 100100. 110. 000.01111111111,000
ἠιῆθιπῦοῃοοιωιωὸιηωο Αο001111011Λι ηδ.
000. 001. 000. 071. 070. 000. 700. 0111111111,07.11,01. 070
101. 700. 770. 700. 701. 000. 000. 0101111111, 007
000. 010. 1010. 11,00.00.100.000. Antiqua 11, 010
001. 007. 700. 000. 0001000. 1100. 0111111111ἰί, 1100
1,.1000100.111.111.110110.1101111111
11,10.00.11.1117. 0000. 0101 01111111,10
01111111’1111111,100111111111,1000 0111111ἰί, 1000. 11, 1100
111111,1111’11111,1111111111, 011-1111070
000 1111111111,00.100 11111111,010.011111111,100. 11, 011
11, 700 0111111111,οΜ
0111111111 11111111, 111. 111. 111110111111111111

 

