0 11111

0111101111,110

0111111111,800

01111111, 000. 1, 1088 ,

1111111111. 11, unnim. ..1111

huc Accedit uti 1, 108. 010. 000. 11,
800. 1070. 111100. 11, 000

111011101111111, quern ri, 1080 qud·
11111701

Acceicrrrc 11, 778

0111110111 1, 1110

0111101110008. 1, 171. 008

Accendi 1, 000. 11, 810

01111011111,001

01111011111,170 ,

011110111111, 018. 800

0111101111 11, 008

Aecum 81) 888

011111111111111,018

01111111 111, 887

0111111111, 1001 febrim ri, 000

1101111111

0111111111,001

Accidere 111, 808. 870. 11, 8βο 10 nurci
ii, 1081 10 rpccicrn ir, 881. 1,

01118ιᾶ1111, 108. 810. 1, 00. 178. 080. 11,

Accingere ii, 1018

Accipe Ι,870. 11, 780

Accipere 11, 010. 000

0111111111νί, 188

Accipient 1, 810. 000. 11, 701. 881. 1001

Accipiat 111, 811

Accipiet 111, 007

Accipimus 11, 170

1111111101, 110. 810. 11, 1018. 11, 110

Accipiter iii. 100

0111ρὶ1111 11, 1008. 1, 1070

011100101111, 1801

Accumulrnter 111, 11

0111111111 111, 008 10111011 11, 888
1111111111011

01111111,000.1,10

01110111, 1101

Acerbum ii, 110. 171. 111, 008. 11, 071

- 0111111111 11, 1801

0011111770

0111111111108

0111111111111

011111111111,111111,000 .

1111111011, 000. 001. 11, 11 pro·
111101 111, 001

Acherunti· 111, 87. 11, 708

0111111111 10, 1080

0111111111 temple 1, 101. 111, 80. 00
Acie 1, 110
0011111111Ιο 110118

011111, 800111, 888. 11, 810. 801. 808.

'Aerem 11, 1108

Acce 11111111 iii, 808 irim ir, 801 rc-
ΜοΝ18,Μ81Μ81 V, m· ,1,011

ne 1, 800 documen 11, 801 prc-
111111 11, 1808

01111111111111,70 οο01011111,188.
11, 1810 0111111111 1,801

Acrem 01111111 11, 100

0111111111 1,10 .

Acten ircr 111, 810. 11, 708 1111111,108.
dominon r 80. 11, 08 circe 1,081
1111111111 11111111 11878

Acri 1, 070. 081. 11, 1010. 111, 80. Ud-
1, 100. 11, 717. 800

01111111, 000. 11,718

0111011 111, 800

Acrior 1,001

Acii! 1, uve 811, ω· ⁴⁷⁶0 ⁷⁴¹0 ,11

Acriter 11, 008. ci. 780

01111110,01. 1, 1117

01111111 111070

011111,881

Actum i. 171. r, 1110

01111 (rubet.) 111, 108. r. 1800

01111 11, 877

Acumen 11, 188. 11, 1101

011111, 1008 ·

01111 11, 801. 000

011111 11, 108

001111111,170

0011111111 11, 111

0011011111,817

0011111 ii. 001. 11, 007

0011111111 ii, 1181

0011111111 11, 000

0111110111 111, 800

Adde 1, 718. 817. iii. 010. 011. 1010.
1000. 11,1111. 1110. 11, 800. 011.

00011011 11, nil

Addere 111. 018. 001. 1, trs. 071

Addidit 1, rinc

00011111 11, 107

nmnmnmnmn
1100 bie.

0001111 1,1810

1101111110

001111, 010

0011111111808011
fflffffimw

0011011007. 1, 708

001111111087

00111111 1, 1101

00111, 000

001111,808

Adur 11, 810

 

