ψ

1111111111 111, 078. r, 850. 11, 700
Interimam 111, 088
101111101ίὶ) 011
1111111111ιί1, 1001
Interit 111, 508. 701. 700
Interitnnr 1, 870
Internnenere ir, 010. 500
Interposito 11, 1010
Interpositnm 11, 001
Interpret 11, 1117
Interpretatur 11, 800
Interrumptt 1, 700
1111111111κῆοω
11111111ρωί11, 800. 1, 000
Inter saepit 11, 010
1111111111 (plur.) 1, 1070
111111111111111,700
Inlemllt ll, 700. 1010. 111, 081. 11,
054. 1,110
Illfflflllll II, 97· 1001 ιω· 29⁵· 111, ³9⁶·
667.1,000
Intervallum iv, 188. 108
1111110111111,801
Intentinnm ii, 000. 11, 110
11111101 11, 1100
Intolernbilibut 11, 1150
Intersit 11, 101
1111111111, 001
Intrimennr 11, 1007
Introdnxernnt 111, 000
Introituque 11, 107
Introitnrqne 11, 100
Inque tueri 11, 717
Intulernnt 1, 1010
Intulerint 11, 708
11111011 11, 000
Inquerelebunt 11, 001
111111οη1 11, 1010
Invasit 11, 171
Iurectn ii, 001
Invenirmque 111, 057
Invenienter 1, 707
Inveniet 1,101. 11, 018. 070. 1080. 11,
Invenietur 111, 008
Invenio 111, 000
Invenit 1, 0. 11, 1050
111111ιί1111 1, 100
Inveniuntur i, 008. 111, 000
1111111111, 1110. 11, 001
1111111111, 008
Inventi ii, 010
Inventor rerum 111, 0
11111111111511 1, 010
InvestIgnre 11, 700
Iuventatem, 1001
11111111, 051
11111111 1, 000

1111011111, 70. 1, 1100.1100.1118

1111)οΧ

111101101111 1, 000

Invitant 11, 010

11111111, 000

Invitos 11, 078. 11, tu

Invitum 111, 001

1111111111,Ἀο

11111111οη111 111000

lnnmbmtur 1, 000

1111111111 11, 110

involventes 1, 070

1111113111,1001

1111111111,1101

1110111111111 1, 1070

11111,1000

locanti 11, 080

reqnor Ionium 1, 700

J 1111 vagitum 11,000

1ρ111111111111,80

1111111 11, 101

1111,11.11,111.111,011.111 ulw-
1117.1ἰ,71

benetentum

Irni 111, 001

Iterum 111, 000. 11,Ὶο

1111111111,1ι1. 11, 700 acernen 1,
1101 flmmnrnm 1, 701

11111111,1001

111 1, 081. 070. 1001. 11, 150. 100. 075.
001. 111, 000. 000. 007. 010. 701.

mnmmmmm ¹

1, 011. 010. 11, 110. 000. 001
11111111 1111111111,1170

111 per 111111111Μο
Inevombitn 1, 100

Ite numentinum

111111 genten 1, 100 ’

Itniire terrei 1, 700

Item 1, 010

Iter 1, 1100, 11, 01. 000. 1,100. 1100
riarum ii, 000 11111, 1100

1111101111 11, 080

ltere 1, 000

Itidem 11, 000. 11, 1000

Itinerque 11, 008

Itum 111, 080

J ubnr 11, 100. 1, 000

Jncunde 11, 0. 1, 800

1111111111(111.) 11, 01. 100. 1,1000

Jucnndo 11, 10. 000

J udiciir 11, 000

1110111111, 1011

1 ugera 111, 1001

1 ugulentur 11, 1008

Jugulum iii, 008

 

