τ. 44444444 4444 nn 444444 m. 444. 44. 1634

4444444444 mmm-m. 41444. 114444. 4441444444 neumatibus
4111, Ee 44444444 44444 namn, 1144. 1144 1444 44 4444444. 114414444
4441444 1444. 1144444444444444444. 4414444444444,1.4.44444,4414.444.
441. 44 444 multi rejiciunt. Ferri 444 44441444’ 444 444414. Ι11114114 44
444444 4444444, 444 444144 41444444 4444144444444444441441441441144.
4444444414, 4444144444444444414444, 444 mm 44444. 44441 4.] 444·
441444 444444 4444444 4444444, 41444 444414 444444 44444444 hnc 4444 Pru·
4444 nebula 44 montium 44444444 44444 naturam mult· 4444444414 4
4411444 4441444444. 044444. 44144441444411444, declarant 444144
444 44 44414444] 1. 4. 14 aar· 1441- 44114444 44444444, 4444 1444444444 44
4444. Nomen 441 (1444444, 444 44444 444414444444444. At multo 4444141.
4444444 44 144141. 4144.Ε4.4.444. 1444 444, 444114 4444444414 ex 44441
ι414444 neque 44444 44444444414444, 444444144444 44444 44 444414 44444·
neque 1441444 44444 4144444 441443 4144 44 44444444. Quare 411114444-
lom 14. 444. ‘ 44444444 441444 rubr· 4444 444, 44 4444 4444 44 hoe. 444444.
44144444414414414 444444,’ 444. 11444. 11444414 44444414 4 44444444 nubium
'u ρ. 444. 11444441· nm, 114 4· 44- 444144 componuntur, 4 44441 4444444
mmmm. 44 quem locum Eu· 44 14411144 44441114, 444. 11. 11414444
nath. 4444441444 4444444444, 44444· 444114 44 44444 1444, 444 qnod 444444·
uu, 444 4444444. 1. e. ί44444444 41411 4444 4114444 4444144144 4144111 44444
nerem 14414444, 444441444444, 44 444· (44 emendus) 4441 quod 44444 4444
1444 4444431444. Adde 1144444444 444 414414 4444444444 4444444 4144·
d 114. Gr. 114. 44441441. 1. 4441144- 144. cruet.
Μ· 414 1144144444 444. 4444. 1444414
444 1444441444 44444441414 444444 444 ..1 444. ’114414444444144444 444·
44. 44444444444444. 4444444444· pem 14 114444 444444 1444444443
444 interpretor 1444 4444444, 44444- lamb.
44444 44444444444441141 1444144444· 471 Aoum] Utitur 44 41141 1444
dignumque 4444444444144444. 444444, ut 4. 444. ‘Num neque 441.
1144444 4444 44411444, 44444 4414 44414 1444444444 4444144444 adhesum
444444444414444. 4144 441444 441114 corpore? 14444.
1444414444 444 444 444144. 41414. ,414 44444144]4114444 444144444414-
444 stamnum] 4441444444 444, 4444 4444414444 14 441444 114.
4444 414. 44444444. 4414444444 444444· 44444444. 44 14 44441444 vulg. ‘mo-
41444 4441441 Veneti, 44 144ῐὶ444444 444444411’144411144444441441144444,
4444444444 4444444444 4444 444 1444 motum, 44 441444 444414. 414 441 444·
41444444 44414444, 1444 444444444- 44444 4444141444, 44444444 44 144444
44444444444, 4444444. 4111444444, 44441444 44441. 4444 14 Memmium
1444 wadum. verum (44 jum 44414444 444 44441444 4444 quidm
dixi) 44444 414 versumque 4444· putant depravatum 4444 44 mine:
4144, mque 1114, condem, 4444444444, 4444144 444414 44444 4444414444 444444
qe. 41444144 mihi 144444414πί4 neque tamen judicet 144444. 14444. 114444
4441444 444414 44444444 sententia 44444144 14 444. 114414. 44 quibusdum:
4441414444. Quod 41 4444444441444 44444144 ,- 4444 ex 44444444 4444444-
44444444444444444,4141444444444· tum 441, ut 444. 4. 144. Giton. 444·
444444414444 4444444441444444444444 1144 quum 41444444 144444443444414.
4444444, 444444444444444444414, m· 444 Nan 44414 4444 mg. 44444 4.]
totumue-dinume. Pometiam Anneius 4441444444 reliquit, 44, 4414
414 1441 444444 44144, 44444444444444· 4141 414 444444 44114, 444 414444.

4444444 4444444 mm, 44444444, to· 1144 ox 444414 4444444144 41144444
414441. 44 444. 4144. 444444. 4 L

 

