IN LUGRII'IIUM.

Imitare 111, 6

Imitari iv, 666. 666

1611611611, 1678

Imitetur 11, 444

Immunem 11, 446

imme· iii, 461

16616ἰὶ1. tur. 11, 1111. 111116.

Immanis 11, 416. v, 666

1166161111, 1166

16611611 6611 1, 662

1666611 1, 1666

16616611 11, 1694. 111, 667. 1, 686.
1616. 11, 664

Immensum i, 76. 666. 11, 96. 666

Ιι6616611111,666

murnai v, 666

1161616611 t, 1616

1661111 6161.) 11, 719

16611111 ’ v, 766

1161161611, 1176

166111661111, 1666

Immittit se tutum 16 squaru vi, 446

11661111 1, 864. 111, 664

1616111111, 877

16661616611611

1616611116 111, 617. 1, 166

1666111166 111, 766

1666111161 111, 779

1616611111 1, 66. 667. 646. 11, 646. 111,

Immortalis 11, 861. 1, 166

16661611661,166

1666111111 111, 611. 664. 676. 716. 748.

166666111, 1166

1666116116 1, 696. 769. 11, 766

16661116 11, 1166

1111661611,1414

166 111, 66. 67. 681. 1, 164

1661116611,686

Impediat 111, 666

1666616161 11, 866

Impedit 11, ,616

Impediunt 11, 186

166611161 11, 1666

166611616 1, 664. 11, 666. 11, 1646

1666111111 11, 1668

Impellit vi, totu

1666111161 11, 686

1666611161 11, 174 ¹

1666116661 aare 11166 111, uos

Impemtent I, 667. 11, 116161

1666611 r, 966. 11, 466 ’

16661111,671

1661116116 111, 971

Imperio 1, 1167

1666111661ϋί, 1641

Imperium 111, 1611. 1,1141. 11, 64

6111111 mr. cm.

xli

16661611666. 11,418.961. 1,606.
911. vi. 1⁸⁷· ¹520 Ins 18⁵· 28⁸0
667. 669. 669. 517

1666116111 1, 664

1166611111,666 .

Impetus 11, 694. 1, 661. 816. vt, 167.
681. 666. 696. 768

Impia i, 82. 84. ii, 666

Impiger 1, 861

1661316 (sing.).v‚ 1461

16616111 111, 666

1661161166 11, tuso

1661161611, 1146

16661166 iii. 866. r, 676

Impositum iii, 966. vi, 741

16661161, 644

Improba sing.)v, 1694

Improbe 16611.)111, 1669

1661611411, 968. iv, 14

16616νί16 11, 1966

Imprudentes 1, 1667

16666661,676

Impulit 1, 661

1661111111, 166. 111, 186

1666111 11, 676

Imurrr i, 986. 696. 11, 69. 1, 497

In mtescto tempore 1, 176

16 numerum 11611611

16 promptu 1, 679. 11, 148. 646. 666.
111, 167. 186. 11, 66 cognita ii, 867

1664116111νὶ, 666 ’

16161161 11, 1666

Insnitusque 11, 1966

1111111111, 1664 -

Incassum 11, 1669. 1164. 1, 16661168.

16616166 11, 689

1666611111, 76

1116664111, 676

16666611 i, 966. 11, 876. 1, 666

Incendunt 11, 646

Incensura 11, 1146

1666611 1, 696

Incerto 1, 166

16661166 1, 696

1666111111,681

1666116 1, 69

nehus 111, 164

Incidere ii, 667. 646. 1111619. 1, 664

166146116111,666

1661461661 11, 1176

Incidit 11, 144. 666 turres iv, 676

1661161666 111, 676

1661611611,60. q”9⁸⁸1 VI, m

Incipit 11, 881

166111(1166.)1,676. vi, 166. 664664
stu-stu 681

116161 111, 144

16616661 111, 966

11116111. 7

 

