111 menmium.

mmmummmmfflm mmmssw ·

1111011111 11, 770. 1001. 1, 807. 781
1111111111 00111111 11, 080

Nam 1, 710. 11, 100

1111 111, 00. 1, 070. 1101. 11, 008
11111111 0111110101, 1000
1111111110 111, 1010

111111011111 11, 000

1111111111 1, 000

111111 11, 000. 1, 007

111111(111].) 1, 007

Nixus pennarum 11. 001 pedum 1, 010
1100111111 ii, 08

Nobilitate 11, 11

11001111 111, 801

1100111111 111100

1100111 vi, 080

1101111111 1, 00

Νο1111 11, 010

11111111, 1100
1101111001. 1, 000

quue (111011. plut.) 11000
1101111111 1,100

Νο11111111 11, 010

ΝΟΜ V, ¹⁰⁴2· 1089
110111111, 1007

Natarum 11810
1101110011,οΜ

1101111 (sing.) 1, 080
Νο1111111, 811

1101101111 1,,701. 010

1101110 lumine 1, 070

1101111ιί 11100

Νο1111111 1170011078. 0811800· *1

Nocte 1, 081. 11, 000. 000 nimborum 1101111111,100. 1010

fflfflfflmmumm

Notumque 11, 000
1101111110 11, 1110. 1100

11011111, Ι110,..1000.Μ1, 070. 080. 008 1101110111 11810
fflffiffiffffiffwwwd

Numanum 1171
1101111111, 080

11, 001 1111111111, 000 1111111, 1100 11011111080

1100111131111111011 1. 1100
1101111110 1111ρί111 11, 080
Noctu 111, 000
1100101111(01111.)1,000. 11, 000
Nocturna 1,087 7101111000
110010111111,00

Νο01ω171ω7· '2 8061 0⁴¹

1101111111 11, 000· 1000. iii, 100. 077. 1,
008. 11, 1101

1101111111111, 100. 11100. 1. 001. 778

1101111111 1, 170. 007

1101 ii, 078. 1, 070. 1180 0110111100

11110111ωο1178. 11, 000. 701. 1000. 1, 0010111, 010. 11800 1111111800 11

⁹⁰⁹0 ,0, 8⁴⁹
nocturnumque 11, 701
1101111 religionum 1, 001. 11,7

nocti· sign· 111111 1, 1180
Νο111 11, 1018
Num Vi, 1⁴⁴· m

1101101 11,1111. 11070 0111011101 11, 111111111111,100.107.100.170.170170.

000 1111111111, 010
1111111111 1, 087
Noli 11, 087

ffifflmmm
ffimffissssmfflmmm.

Mmmemmmstnfimmmmmwmm

700. 010

000. 000. 071. 000. 000. 001. 000.

11011101111,018.1,70.1000.1000 te· 111.1111111.101.100.111.100.

mm v, 1008
1101111111 1, 000

007. 700. 1007. 1110
Nubesque (plur.) 1, 001

1101111011,00.11000. 01111111. 1, 1100101111,010.1000. 11101. 11180.

007. 11. 0. 0111071700. 008
1101111111 111, 78. 000. 080
110101101110111 111111
10011111111111ᾱ110. 481 ,11878
11010101111111, 700
110111011111111 11, 000
110111 1111101111 11 1100
11011 dum 1, 081
1101111111111 11, 017
11010111 11, 000

000. 11, 100. 100. 180. 101000.
000. 007. 007. 000. 010. 000. 007.
0110000007

11110111 (111011.) 1. 8. 071070. iii, 10.
11, 000. 000. 1, 007. 000. 070. 1101.
11. 101. 100. 101. 180. 108. 010.
001000. 081. 001. 010. 017. 000.

Nubit 11, 800. 000. 100

1111111(ρΙιι1.) 1, 1001

111101111,111.1000.11,111111. 1, 1111110111 1,000

001

1111110111 1, 1000

11010111 1, 101. 11, 801. 111, 00100. 11011011,1000
100. 010. 008. 007, 10001 11, 000. Nudum 111171

nem. 11 111. Clau

111. lueret.

 

