00 0000804000.

7717111εῲ0100, 000 0ομ00010. 1111'11313' 000 000( ’· ·

Ml 11.484.8141011011188 70111011001141 ,
01,33’5·. Ι333( 7011000000 003

70800000401444.. · 7010001000 n 088 .

74011101, ,.,’883 011, m 843. v, 093. 00000(,.10..)11,000.1147. 011088 ,
98 1181. 1401. 01, 078 803 1001001. Venantum 00 008 ’ Ι
110, 310 001101, 1031. ν, 788. 01, 800 7100001000,1319

7080000001, 004. 111, 3111. 310 iv, 01. 700001, 000. 001.1 141, 138, 310. .87,4Ι
v. 000 00, 0000100000Ι 000. 000.· 0, 000. 00, 010 0000000

7000041, 000. 00, 000 0Ι ’000. 0008 1000 ...0. 0. 000 10’ ..00.ῑο ..000.
110·ρ.1...,000(· 010010000

,100301101Ῐο,11140000000000 1000001, 000 ”

01318. 3 corpora 1v 800 elemen'- 7000000100 0010101000 37
1014411 0001400001, 378. 871. 003 venenet 00 ,830

7000010110, 837”“ 7011000100, ’037

7110111170 · 7000000111, 300.’ 00, 089. 01, 709, 844

VarieiAw “ 7000001000 011, 737 ’

7001000001, ⁰9⁴. Venenum v, 030. ww. 101, 074, 1117

7001000011, 758. 00. mciv, 081. 011

71100010 loqueln 3 Venere (verb)v 1180. n, 743

7011001100 140108 11 ,013 10000000, 731 Venere 00 1008. 1330. v, 883(

7001011110 0000101, ’“008. 111, 318 Venerem 10,1188. 11111. ’1788

7008000001οω80, 833 · venem.. 1170

70800100000011770 7000001000,1010.1003.1000.1100.

701111011878. 807. 1000103, 111, 478. 113111811100. 88. 1381. 1371
10, 001 · mii, 173. v, 810.’, 777 0000010014

7001111(40100.)11, m 0,1011 -

7001000111, 313 ’ 7001000010, 1173

vaani. 031. 1.,911 1100100ὴο1138

7001οᾼ81..3018881883.01,40.334 7001101μῦ07 ἱί,081.111,113.ν,018

vaani. 788. v ,138 1331

700101, 333 7001108341, 373. 011,11137.

40010 40100041113301338 - 370.10,,303.01330. 01,.’1331.
..0. 00000000. (01.1..),01000 .1, 000. 0100000000. 000. 000. 000
,000. 010 000004 ὑ480041, 0000. 001.

111010(40100.)0,383 300.’,“.“01703 0001810810. 0,.300

710131(000101’.),1,110.00,881 0 ”MEO-914. 7831171. 01, 114.

0000010001, 0000 · 000. 000. 000. 001. 100. 101000

70010800100010101,800 ’ · 881. 838. 887 922. 848. 038 141111

700110180140041004881 00010 010,001 888

71010 1000100 370 Venus 00 1. lu, 008 iv, 030. 000. v.

00001, 000. 000 000.000.01,00.000.100.000101

Uber n ''280 ⁸ ’ 377. 883. 808. 013. 728. 1⁰1⁰. 1108

115οη100300040,11,378 1341100000ομ 73111010, 030. 1000

0881 Ventorum 010 833. v ..3101339 u At.

1111001000(011001.)1, ”⁰ 133 00000001, 000

1180ῐί00140 11101, 3319 70011001, 703. 0,1808 1330

-70 10433 70010001000000110300100101 4,87

Vc 0000110100, 801. ri, 916 7011000000 030 s

70001000100011838. 00, 33. 831. 01, ventosum 300 ·
11⁶ 7000000,1000

7000000001,οω 01, 310 7001000111, 310. 111103

Δ11000000..00.(..10)01000 70010018, 133. 301. 307.” 00308000 00.

7001000010, 300 11, 107. 178. 310. 3101374358.

7014(0000.)10, 73. vi, 1048 811000ομ 877. 008. 000 “

01713 7111001333 10,1081.1077.’.·1888
7010010011,333.10,0 5 110813181308. 0,730.888.181“0

70101000110011Λο0 ’ ¹ 0100014

 

