111 110011811οΜ.

consuetu iv, 008. 1, 800. 11,181.1011
Consuetudo 11, 1810

consuetum 11,110

consuevimus vi, 1184

consuevit iii, 488

0001010101 ἱ, 881

0101010111 11, 1080

consume ..111, 1110

0001010011 1, 884

consumpte 1, 848

Consurgere 11, 080. 11, 418. 401. 880.
consurgeret iii, 1110

Corsurget 111008

0001111111, 1180

conterminent

000110110881

0001131111184

Contegit iii. 840. 418 110. 11, 1884
Contegibus 11, 810. 1841
00011011οι1 111, 800

0001111111, 888

Contemnere ii, 448. 10880. 1810
contempletur (1010.) 11, 118. 11, 188
contempsit iii, 1040

contempto (sing.) 1, 1411 (plur.) 1,

contemptibus 1, 881. 1811
contemptim v, 1180
cosnggrnptus (1111111.) 111, 08 (10].)11,

0001100101 111, 184

00011000110,0

contendere ii, 11. 11, 418. 801. 081. 1,
1818. 11, 81. 411

0001100811, 801. 1040

contendunt 1, 1001. 11, 08

contentu (sing.) 1, 888. 11, 008

00011000111180

00011111 111, Ι1000

0000001111,οἏ

0001111111,80

0110111111 111, 000

contextum 1844

Continesntur ἰ, 818. 1088. 11,100.1001

00000111 iii, 811

000110111108. 1, 880. 11, 811

contingantur 1, 008

continges 11, 104

contingens i, 088. 1011101

001111118οΝ i, 01051 iv, Uli· Vr ¹⁵²⁰
808 1011111040. 1088

0000031111081

contingenti, 081. 11, 18

0001100110 11, 081

contemneremus Ι

contorquet gruberuucuiurn 11, 008. 1,

,0001011010 1, 010

000111 11, 880. 1018. 11, 01

0001111001 1, 010

0000100111,οΜ

000111111οι 11, 804

0001110100 11, 014. 11, 000

contrahitur 1, 1818

0001111111, 008. 11, 018. 11, 141

0001111101 timot ’

000101001ιί10 111001

0001111011 1,1880

contremuere tit: 841

00011111 igni 11, 101

contrudere 11, 480

0001111011 11, 800

00011011 11, 010. 11, 1888

0001101011114

contrusit 11, 810

contuente 11008

0001010101 11, 80

0001011111, 041. 1101. 11, 1808

contundit 1, 001

0011011010, 0111

Conturbsntur iv, 041

0001018111 111, 488

conturbor-i iii, 488. 11, 808

conturbet 11, 1180

0001011111 1, 448

Conturbator iii, 400

conturbes 11, 1008

000101111,080

0001111111 1, 1814

00011011 11, 100

0001111111 11, 000

convellitur iii, 841

0001100111, 001

Convenerunt vi, 188

0001101101 111, 180. 11,018.1888. 1,
480. 11, 1088

conveniet 11, 101

000110110111, 881. 11, 110. 881. 111,

Conveniens 11, 1081. . 1, 1880. 11, 1880

0001101101111,1080. 11, 111040. v.

Convenienti pede 11, 108

Convenirent vi, 18

Convenit ii, 888. 111, 00. 400. 408. 008.
iv, 111. ..111111

000110100οο 11, 081. 11, 410

000110100111,080. 1, 800. 880. 800.
11, 801 10 sensus 11,118.1080

00011011 1, 480

00011010 1, 018

Conventus (plur.) 11, 180

00011111 11, 48

0001111010 11, 1000

0001111101 11, 1004

Convertcbnt 1, 800

 

