xxxiv

tlon v, 700

Flore 10, 1000

110000111000

Florem 0,1001

norem 100850 11, 800. 111· 'no 000000
florent 0, 010. 000. 1100

· 110000101111001. nm

11000010, 1070

1100000011000. 01, 000

florentibus iii, 010

1100001101, 100

1100001000. 0, 010

110000(ωο)1,0007. im

nomem ii, 70

nummu! 0, 6ωο m

Floret 0, 080. 1078

Floribus ii, 00. 000. 10, 1111. 1171. v,
1000. 1000

110000 0, 700. 001

1100110010 111, 11

11001001, 707

1100 anochi 111, 000

11000110, 010

fluctant iv, 70

1100111100 1, m· 0, 110 low· 01,

110 ’ 1, 000

110010 Vl. 000. 000. 1001. 1070

1100700010, 1070

fluctuet 0110 01, 000

Fluctus (sing.) odorum 10, 070. (plut)
11000 vi, 010. 005 pingente 0.
1100 imum 111000 0170 belli 0,
1000001000 0100 per nubib ¹¹2

110000111000

fluendo 11, 1100 -

nuens fluctus 10, 070

1100010 1001

fluenter 10, m 01. 010. 001

11000100 0, 070

1101000 11, 000

11010011000

010010, 001

11011000 i, 710. iii, 1000

1101000001, 000

11011100 11, 1010. 10, 70

Flumen 1, 000. 11, 000. 10, 000. 1010.
01000

Flumina 1, 000. 000. 1000. 11. 000.
1010. 11000. 7, 001. 000. 010000.
'io m 5³⁹· ⁰1⁰· lffifln ln,

11000100 i. 000. 11000000. 11000.
1011001100

Fluminibus 11, 000. 111000. 01, 100

Fluminis i, 1000. 10, 1000
100101, 100

fluvia· 11, 000

mnu

1100100011,οὥ

11υο1101100.) 11, au 1000. 000

1100110 10, 000. 01, 070. 000

1100100 1, 10. 0, 017. 01, 000.

Fluvium 01 717

Flavius 01, 070

Fluunt venti 1001

111ιο1000 0, 010

1100010 01, 10

1000000011, 000

10000000 (000.) 1, 010. 0, 011

1000 (ing.) 11, 001 .

1000010 10, 000

roedni 111, 00

1000 (000.) 1, 00. 00. 10, 170. v. 1000
001 1, 087. 11, 000 001-ι 0, 011
paen 111700

Foedere 111, 017. 0, sam-1⁴42 01,

1000 (000.) 11001

Foedumque 0, 1000

1000011800

10010010, 817. 10001070. 0, 011.

totid-imm

1010 tem 11 000

ratu 1014. 0, 710

10100011, 000

retu· 1, 100. 010. 000. 1000. 11, 1100.
1100. 111, 1010, 011

101110 0, 070. 1000

1011100100 0, 801

10000, 00000001010070000.

1001010, 1100. vi. 000

Fontem 111, 00. iv. 1010. 0, 007. 01,
810. 000. 007. 080. 000

ronst! 'pnl- w· ii, ὅωι 11, ’0 ,0
000. 01, 010. 000

romaque 11, 000

Pontibus 1, 010

ramim 11, 000. 007. iii, 58. 10, 001.

0010000000.ὥοωοΙο *ΑΒ
800. 01, 001. 081. 1008
1000101000 11000. 01000
1000011000οω ··
1000010, 017
10000010, 000. 1110
100101111070 “
1000011000010.700.000. 10, m
000. 000 1070. 0, 070. 1110
Formo i, 070. 11, 000. 01, 70
1000011107
Pomm 11070. 1100. 071. 0, 100.
Iomanem 11, 010 “
Pomm 111, 000

 

