lxxx 116111

661. 1, 746. 746. 11, 181. Ν. 1611 6111616111, 186
Sequor 1116 1111666616 1,616 ⁴ Sidone 6111111664 -
Sequuntur 111, 416. 486. 11, 177. 647. 6161111678. 1111661111
691. 1,746.1114. 11666 6136611116. 11611. 111, 616. 11.
661666611616616 1, 1186 446. v, 616. 617. 611. 616. 641.
16666118.) vim. (1111116 mli 811116111116.1116111616
111666 “ 1 1, 616
6616666111, 116 11116 11, 1666 Signiferi 6111161666 etheris 11, 486
6616666661611, 141 significant 1, 16. 11, 117. 646. 1616.
661666 (nom.) vultu 111, 164 6161611, 111484
116. 11146 ’ 6136166616 11, 616
Serenum 161666 11, 146 81611116616611, 1611
6616161161 161161 1,167 61361161111,766.1,668
66111111161 Signis 1,1686. 11, 814. 1, 611. 616.
6611111111 616.666.611.161.1111ρ1ω611,1
6611661,1166 perpense· 11, 641 Signatum v, 716
Sermone 1, 111 61161161,681.1,614.686
Sermonem 11, 617 sil-nos 111166
6611666111, 811. 111, 161 mm 11, 1161
serp-u. 116 61116. iv, 161. 161
(161111.) 11, 68. 641. 1,14. 661. suerent 11, 666
adj.) 11666 61116611,671.11,446.1,114
&messetheines 6111611111 11686
6611166111 (nubet.) 111, 668 6161116611666
66166161,614.11,1118 6111111111,646
sm 1111666111 honorem 11416 6116111111(6161.) 1, 688. 11, 664
6611111, 1116 ,. Simplex iii, 161. 1, 611. 616
66111111, 1171 simplice netum 1, 1611
6611611111, 1614 6166116116161,646.676.616.611 nm·
66111611, 66 11166 ,
6611161 1, 161. 1, 611 6161111611, 1161
&Ummium 8111111166111, luoloewo ii, Ἃ· 111,ω6
mnm 17, ”0⁸⁹0 971 1²⁶· ¹⁸¹· ¹5⁶· ιω·
661111611671. 11, 67. 616. 1666. 1, 166.177.166.111.146.166.164.
1468 ‚ 1116111111. 116. 147. 166. 166.
6611111111167 664. 616. 716. 767. 766. 767. 766.
661161111,666.11,666 761. 761. 786. 766. 766. 676. 661.
emat· sing.) 1. 1611. (plur.) 1,116 16161616161616661661661.
Semtot v, 667 76. 166. 1171416 66111 11, 41. m
86116111, 666 6166116111 11166
661111611, 1666 Simulacrum 11, 111. 11, 166
servitium 1, 466 6166616 6611116111, 611
6616(6161.)1,788 sinceris 1116166111 iii. 717
Seven 1116661 11,461 11116 11, 1186 sincerum 166616111886
1161631116 816611, 661
66161111666161, 1166 singillatim 11, 164
1111111161 singula 1. 161. 161. irem. 1.,611
616661611,611.1,161 “ 16616611166
6166111 11, 616 singularitetem
{⁸:⁰0qu egge 11, 641 616417691161 (sing.) 11, 1166. (plur.) 16,
111 1,
6166611616. 111, 817 6111111,664.666. 11666
61111111, 1116 , 61111616 ’
6111611661 1, 461 6616611611. 1666. 11666
6166161161. 11166. 11, 161. 1, 66. 61111111, 417
¹¹⁸· molu- ‘stomun mundi Sisyphm 111, lm

1, 786. 11, 118 6661111, 1664 rudiu- 6116016 .)11, 861. iii, 167. 666. 11,
6111114 61611161 1,1166 1611161 87616161.)1,416.11,148
1666 11, 1616 6111 promte 11, 1161

 

