ΙΝ tuomum.

quo 1110101, 8157 ⁸⁰8· m· 00079107 117 ΡΜ111,0007 V. 1η
110. 810. 711777. 17111177. 7, 0777771771 11111
777. 77777. vi, 77. 777. 777. 777. 0777777171. 11717
011. 707. 1010 Parenta 111, 81. 17, 1111
Paeto ullo 11, 740 0777770177 ii, 811
Paeto hoc 1,.070. 71, 111. 171 Parentis 1, 100. 11, lm
Pnctonuno ι, 7777. 7, 777. 77777 ruentum 7777. iim· 171777. v.
Paeto 7117 111, 111. 7,1100 1111. 71. 1111
0771717177 7, 1141 Ριιαιο(ιρ.ηυ)7 111. 17,1111
Pseu 77707777 71, 111 Parere .(n 7777777)7, 1111 ’
0771777711167 pamm ιιι, 111
Palm 0771 11, 101 0771777711 7, 811
Pal-m 77711108 Pane· 77771771, 1110
07177177 ii. 10. 17,170. 7, 071 Ρ77111 mione 11, 171
Ρ71777117 siden 11, 1111 1177171 7, 700
0717οα71717,011.001οκ17,011 Ριιο11,1111..0117,1111
0717177 17, 011 Pariter 7, 1118 cum 111, 410
Ρ7177777717, 010 Pariter 7777107777 111, 118
1171111777 17. 1111 77777771777
Paludis 71, 711 dnn 71, 711 Pam 705771777ιί7, 011
Pullum 17,1111 11771101. 1101. ’71, 08. 011. 1111.

pauenti· 1111 111, 101111. 141. 111. 101. 111.
Ρ1117777777111,111 147. 17,110. 110171. Ν. 110.
0711771077 pingunt 17, 117 100171. 171. 011. 011. 011. 011.
07177117,οπ 7, 111. 1101801101111 utut.
07177777,001. 1100 010111. 1100
01177717 11, 018 Pam (plur.) 17, 1111. 7,1. Μ .
07177717777777177117,011 Pane 1, 81. 118108. 817. 811. 11, 1,
Paludes 7, 801 800110. 1110000101. 108. m.
Ριιι17,100 701. 17,111.101.110.111. 711.
07777777 17, 111 818. 010.017.1111.7. 117. 118
Pandunt odom 11, 417 111101. 181. 081. 711. 711. 711.
0777711777 1, 01 — 711. 708. 71, 08. 401. 010117. Μ.
Pandere 7.11.111.1110. 1017 011. 701. 810. 811.1117.1107.1110
1177017717 populo 71, 1141 Panem i. 101. 110. 1111. 11111111.
0770117118 iii. 01. 00100. 117. 001. 1100. in.
Pmdoiw 111111.011.1101.7,011.110.
Ρ177711177171,108 701. 711. 1110. 71, 181. 101. m.
07757777777771,.01 001. 001. 1010.1101.1117 bum
Pugo 77777177 1, 011 71, 1117
07777717 71, 1107 07711771, 110. 108000. 010. 010. 811.
Panthera (71777)171011 000. 1000. 11. m m. 218· 111.
pantherarum, 1011 180. 401. 108. 810. 818. ooe. 1117.
Pap 7777717111, 107 1111. 11177. 111. 010. 111. 111.
Puppe 7771777177 ιιι 187 111. 011. ’010. m. 718. 810. 17,
Ρ171171771 7,1108 100. 117. 011. 017. 710. 801. 010. “
Ρ7770717,1117. 771117 ⁴ 11181081. 7,111. 111. 111. 111.
0777771777 17, 1111 410110170. m. 101. 111. 111.
017177111011117. inm· 7,117 081. 71, 108. 410. 018. 711. 011.
Ρ1777777717, 1000 017. 1011. 1000. lm
077777711, 111. 71, 11 Parthi 7,1100
Pium, mam Parti 1, 1111. 111, 010. Β, 1118. 71,·ὕ1
Ρ77717(7ιιις)ι1080.77, 111. (pbr.) Panibus 1,181.118.1Ἇ.111. 111.
17, 111. 700. 71, lum 010. 017. 011. 010001. 111. 80111.

117771ο(ρ111.)71, 111 11,118.181.1071.’ nim. 711. 17,
Murum· 111. 7, 148. 110. m 111. ss.

7777777777 7771717. 777777. 77, 77, am
Psste 7177117, 1117 “ 1110
01771171, ⁸oe Pmieipem (ιιοιιι. )00, 481

 

