INDEX

m

LUCRETIUM.

Q

4....111111111111 11111,111.11,111.1.,1111
4111111111,100 4011 11, 047
40 nuto fulgorem 11, 00 401111 1111111111 111, 1070
Ab 11111 ii, 010 40111 1, 400. ms
40411111111011111111,004 401111 111, 440. 717
40 (1111111111 11, 1004 40111111,070
40011111 1111111110 iinon 1111111111, 074
4011011111 111, 070 4011111111, 041
4011111111,1001 4011111111, 100
40111111101111000.11,10 40110111, 700
Ab 1111111011 11111 1, m. 1, 1000. Vl, 40111111,1000

140 4011011111, 10001100
40111,411.11,400.740 4011111111,104
40 rebus 1, 010. 111, 001. 11, 47. 00. 4011111111, 014

100. 101. 144. 100. 010. 000. 004. 4111114111ΰί,Μο

“ln 71, m· 9⁸1· κο mmm 111, w· m
Ab regione 11700 , 4011110101004
4011ωωωο111,404 4011111011 11, 1014
4047101 1, 000. 11054. 111, 070. 11, 409111ἲῶ1,000.11,11.100.01. 11,
40 1110111111, 470 1111111111, 1000 4011110111,041.11,400.11,10
11η11111,111.11,111.11,111.11, 1111111, 11. lv, 111. 111. 111. ι,
4011111101111111011111, 007 4111111111, 000
4111111111 11111 ime& 4011οπ111111,1007
’1011111111111 Absterrere 11, 1007
Ab 1111111111 111, 100 4011111111 1, 044
Abdit 11, 470 4011111111 111, 1100
1111. (nug.) 1.,111 .,1111 (plur.) 1111... 111111

11, 401. 011. 11, 000 4010111111 1, 400
411111111111111 4011111111,400
Abeunt 1, 1100 4011111111 11, 1114
Ab„ 111, mon lm· 17, ¹⁰⁵⁴· '9 m Abflumffi91oelo 1,,41,
4011111111 11,· 1174 4011111111 11, 1000. 11, 1100. 1, 010
4011111111,Ὶο 4011111111 11, 00. 1, 010
Abhinc 111, 007 Abundanti 1,000 Ι
Abhorret 1, 041. 11, 00 4011111111 1, 000. 11, 000 000

11111011 7110111. Iud. 111111. Δ

 

