11 100011101. 11111

ωωῆωῃη mm

6110011101 111, 110 οιο11060011111111111111011,700
61111111, 1000. 1100. 1100. 1, 000. 6011011111,111
1000 6011111, 010
emolat.) 1107 61111 10001101 1111000
6011 1, 000. 11, 100. 000 60111011, 101

601100 1, 017. 11, 000 6011101111 1, 000. 11, 100
6011011111.ωο 60110101 11, 1070
. 6011000310 11, 101 1111310011,Ιο
Gelidus 11, 014. 111, 001. 11, 100 6011111, 1110
601101 1110011000 6011110 11, 1040
6011011111, 000. 1, 010. 11, 700 601111 11, 1010
6011011111, 100. 11, 1110 6011111, 1001
6011011111 1, 000. 11 110 6011110(111011.)11,000.000 170. 700.
6011111111,οπ 1, 1000
Gnate· 111000 60110111,Μο
6011101001 1, 1010 6131011110 11, 100. v, 110
6011101 11, 1101 , 61301 11010
6010101111 11, 1001 6130101111, 000. 11, 011001
6001111110 11100 6110101011, 010000
6010100 11110 11, 070 6110101 0111 i, 101
60101111 1, 000. 111101 6110001 1, 000. 1000
60101101 (1103.) 111100. (plur.) 11, 611001101111,000
1000. 1, 1100 61111011 1, 1110
6011111010111,010. 1, 100 6110111110. 000
60101011 1, 010 6110011 00011 1, 700
6011111, 010. 11, 070. 111170 6101111000
6011011101 0110111111, 001 6101110101, 000
6010010001 111110 6101111010. v, 011
(immun 1, 01. 000. 000. 001. 000. 6101111 1, 007. 11, 000. 111, 000. 1, us
m 11, 011. 001. 1080. 11, 000. 11, - 61110001130111,170
1111 6111111111, 1000
600010111007.11,100. 100 61110001 111, 170. 11000
Generi 11, 107. 11, 1000 61001(0101.)1, 170
Gaique 111, 700 61011011(111111.)11100
60011101 1, 00 61011010 1, 70. 001. 701
61011011Ιί1 1, 11 610110111110. 1, 710
60111110111101 ’ 6110011000 11000
6001101001 11, 1000 6100000101 11, 100
601111101 11000407. 071. 111000 61010οη101οἰ1 1, 700
60011111 0100111111, 100 6100101111 111, 040
0001011110 100. 11, 01. 010. 1010 6101001111 111, 100. 11, 00
0011011101. 11, 1000. 1, 170. 000. 61101011 1, 001
1011 61011111, 00. 110
6011111Ιί101 11, 1001 6111110011, 1007
6001100111 11, 010 61101001 11, 000
6011111100 11, 707 6110111111, 707.110. 11, 1100
60011111 1, 1. 11, 000 611001 1011111 11, 1100
0011111010 Greci 11010
600101 1, 100100. 11, 70. 010. 1000. 6101111110
1010. 11, 110. 1, 11101101. 1001 61111 1, 001. 111, 101. 11, 100. 000
60011 1, 000 6111010111 1, 101
6001111011700. 11101. 1111011. 1, 6111011011
v mmfflm fflfflmwe
6001111110 61110111 11000. 1, 100. 11701
6001111 11, 1100 6111111 homo 1, 07
60000101 111, 101 6111010111, 000
601101 antiquum 11, 1100 6111010011, 00. 1, 1001
quod 60001 111, 000. 007. 017. 000. 6000010001100.11,1101
100100. 11, 010. 1, 110. 001. 000. candescunt 11, 1110

 

